STROKE 1
75 286 1777379233.610000
74 286 1777379233.752000
68 284 1777379233.768000
62 280 1777379233.785000
56 276 1777379233.805000
54 274 1777379233.821000
54 273 1777379233.838000
54 272 1777379233.854000
54 271 1777379233.871000
55 269 1777379233.888000
58 267 1777379233.905000
61 266 1777379233.921000
65 265 1777379233.937000
68 265 1777379233.954000
72 265 1777379233.974000
74 265 1777379233.987000
76 265 1777379234.004000
78 266 1777379234.021000
80 267 1777379234.038000
82 269 1777379234.054000
83 270 1777379234.070000
84 272 1777379234.087000
84 275 1777379234.104000
85 277 1777379234.120000
84 280 1777379234.137000
84 282 1777379234.153000
83 284 1777379234.170000
81 287 1777379234.187000
79 288 1777379234.203000
75 290 1777379234.220000
72 291 1777379234.237000
69 291 1777379234.253000
65 291 1777379234.270000
62 289 1777379234.286000
57 287 1777379234.303000
53 283 1777379234.320000
49 277 1777379234.337000
47 273 1777379234.353000
46 271 1777379234.370000
45 269 1777379234.386000
45 268 1777379234.403000
45 266 1777379234.419000
46 262 1777379234.436000
50 255 1777379234.453000
55 249 1777379234.469000
63 242 1777379234.486000
70 240 1777379234.503000
77 239 1777379234.519000
83 239 1777379234.536000
90 240 1777379234.553000
94 241 1777379234.569000
96 242 1777379234.586000

STROKE 2
145 257 1777379235.215000
144 257 1777379235.351000
143 258 1777379235.367000
140 261 1777379235.384000
140 265 1777379235.400000
142 273 1777379235.417000
152 283 1777379235.434000
159 286 1777379235.449000

STROKE 3
161 259 1777379235.823000
163 259 1777379235.966000
165 259 1777379235.982000
169 259 1777379235.999000
176 259 1777379236.016000
181 260 1777379236.032000
184 260 1777379236.049000
186 261 1777379236.066000
187 262 1777379236.082000
189 262 1777379236.099000
189 263 1777379236.116000
190 264 1777379236.132000
190 265 1777379236.149000
190 268 1777379236.165000
189 272 1777379236.182000
187 276 1777379236.199000
185 280 1777379236.215000
182 284 1777379236.232000
179 287 1777379236.248000
175 289 1777379236.265000
171 291 1777379236.282000
165 292 1777379236.299000
159 293 1777379236.315000
153 293 1777379236.332000
149 293 1777379236.348000
145 293 1777379236.365000
142 292 1777379236.381000
139 291 1777379236.398000
138 289 1777379236.415000
137 287 1777379236.431000
136 285 1777379236.448000
137 282 1777379236.465000
139 279 1777379236.481000
142 276 1777379236.498000
146 274 1777379236.515000
152 273 1777379236.531000
157 273 1777379236.548000
161 273 1777379236.564000
165 274 1777379236.581000
169 275 1777379236.598000
172 276 1777379236.614000
174 278 1777379236.631000
176 280 1777379236.647000
178 281 1777379236.664000
180 284 1777379236.681000
181 286 1777379236.697000
182 287 1777379236.714000
182 289 1777379236.731000
183 292 1777379236.747000
183 294 1777379236.764000
183 297 1777379236.780000
183 300 1777379236.797000
183 305 1777379236.814000
183 311 1777379236.830000
182 315 1777379236.847000
180 319 1777379236.864000
178 324 1777379236.881000
176 326 1777379236.897000
173 329 1777379236.913000
170 332 1777379236.930000
166 334 1777379236.947000
160 336 1777379236.964000
155 337 1777379236.980000
150 338 1777379236.997000
145 338 1777379237.013000
141 338 1777379237.030000
135 337 1777379237.046000
131 336 1777379237.063000
127 334 1777379237.080000
124 332 1777379237.096000
121 329 1777379237.113000
119 326 1777379237.130000
116 322 1777379237.146000
114 318 1777379237.163000
111 310 1777379237.180000
109 304 1777379237.196000
107 298 1777379237.213000
105 291 1777379237.229000
103 280 1777379237.246000
102 274 1777379237.263000
102 270 1777379237.279000
101 267 1777379237.296000
101 264 1777379237.313000
100 257 1777379237.329000
100 251 1777379237.346000
100 245 1777379237.362000
101 239 1777379237.379000
105 232 1777379237.396000
111 227 1777379237.412000
123 223 1777379237.429000
134 222 1777379237.443000

STROKE 4
159 293 1777379238.515000
158 295 1777379238.706000
156 299 1777379238.722000
150 307 1777379238.743000
145 310 1777379238.759000

STROKE 5
184 272 1777379239.580000
185 270 1777379239.710000
189 267 1777379239.726000
199 259 1777379239.752000
207 254 1777379239.773000
211 253 1777379239.790000
215 253 1777379239.807000
218 253 1777379239.823000
220 255 1777379239.840000
223 256 1777379239.856000
226 257 1777379239.873000
228 259 1777379239.890000
230 261 1777379239.906000
231 264 1777379239.923000
232 268 1777379239.939000
231 273 1777379239.956000
229 277 1777379239.973000
227 280 1777379239.989000
226 282 1777379240.006000
224 283 1777379240.023000
223 283 1777379240.039000
222 284 1777379240.056000
222 284 1777379240.072000
221 284 1777379240.090000

STROKE 6
261 283 1777379240.414000
260 283 1777379240.488000
259 281 1777379240.505000
255 278 1777379240.521000
250 272 1777379240.538000
248 268 1777379240.555000
247 264 1777379240.571000
247 260 1777379240.588000
250 252 1777379240.605000
255 247 1777379240.621000
261 244 1777379240.638000
266 243 1777379240.654000
274 245 1777379240.671000
280 248 1777379240.688000
284 251 1777379240.704000
287 254 1777379240.721000
289 256 1777379240.738000
291 258 1777379240.754000
292 260 1777379240.771000
292 262 1777379240.788000
292 266 1777379240.804000
291 272 1777379240.821000
290 276 1777379240.837000
289 278 1777379240.854000
289 280 1777379240.871000
288 281 1777379240.888000
287 281 1777379240.904000
287 282 1777379240.921000
287 282 1777379240.937000
286 281 1777379240.954000
285 279 1777379240.971000
284 277 1777379240.987000
284 274 1777379241.004000
284 271 1777379241.020000
285 267 1777379241.037000
287 262 1777379241.054000
289 256 1777379241.070000
292 251 1777379241.087000
294 248 1777379241.103000
298 244 1777379241.120000
301 241 1777379241.137000
305 240 1777379241.153000
308 239 1777379241.170000
311 239 1777379241.187000
316 240 1777379241.203000
321 243 1777379241.220000
326 247 1777379241.236000
329 251 1777379241.253000
332 255 1777379241.270000
333 256 1777379241.286000
334 258 1777379241.303000
335 260 1777379241.320000
335 264 1777379241.336000
334 268 1777379241.353000
332 272 1777379241.369000
328 276 1777379241.386000
324 280 1777379241.403000
322 281 1777379241.419000
320 281 1777379241.436000
319 281 1777379241.452000

STROKE 7
319 244 1777379241.733000
319 244 1777379241.835000
313 243 1777379241.852000
302 240 1777379241.868000
290 234 1777379241.885000
281 228 1777379241.902000
276 221 1777379241.918000
275 216 1777379241.935000
276 209 1777379241.951000
281 202 1777379241.968000
290 195 1777379241.985000
297 193 1777379242.001000
304 192 1777379242.018000
312 193 1777379242.034000
320 195 1777379242.051000
329 198 1777379242.068000
332 201 1777379242.084000
334 202 1777379242.101000
336 203 1777379242.118000
337 204 1777379242.135000

