STROKE 1
260 176 1775073365.532974
259 176 1775073365.56394
258 176 1775073365.5760098
257 176 1775073365.587632
257 177 1775073365.5998185
256 177 1775073365.6019938
255 177 1775073365.611836
255 178 1775073365.61744
254 178 1775073365.628647
254 179 1775073365.6413257
253 180 1775073365.6475532
253 181 1775073365.6512954
253 182 1775073365.6573672
253 183 1775073365.660165
253 184 1775073365.6634555
253 185 1775073365.6675627
253 186 1775073365.6714654
253 187 1775073365.6743553
253 188 1775073365.6781476
253 189 1775073365.679407
253 190 1775073365.681768
253 191 1775073365.6865945
253 192 1775073365.687969
253 193 1775073365.6903615
254 195 1775073365.6936882
254 196 1775073365.6959305
254 197 1775073365.6985836
255 198 1775073365.7008278
255 199 1775073365.7035058
255 200 1775073365.706002
255 201 1775073365.7082217
256 202 1775073365.709994
256 203 1775073365.7128782
257 204 1775073365.714639
257 205 1775073365.7179558
257 206 1775073365.7191665
258 207 1775073365.7212179
258 208 1775073365.7236476
258 209 1775073365.7262707
258 210 1775073365.727121
259 210 1775073365.7294273
260 211 1775073365.7331154
260 212 1775073365.7350478
261 212 1775073365.737041
261 213 1775073365.7409956
262 213 1775073365.7452698
263 214 1775073365.7489672
264 214 1775073365.7533226
265 215 1775073365.7611103
266 215 1775073365.7650213
267 215 1775073365.769076
268 215 1775073365.7751572
269 215 1775073365.7790053
270 215 1775073365.785034
271 215 1775073365.7890425
272 215 1775073365.791007
273 215 1775073365.797185
274 215 1775073365.7989876
275 215 1775073365.8030999
276 215 1775073365.8049521
277 215 1775073365.806908
278 214 1775073365.8092794
280 214 1775073365.8114457
281 213 1775073365.813017
282 213 1775073365.815804
283 213 1775073365.8180873
284 213 1775073365.818932
285 212 1775073365.822297
286 212 1775073365.823386
287 212 1775073365.8251126
288 211 1775073365.8269377
289 211 1775073365.829528
290 210 1775073365.831574
291 210 1775073365.8335283
292 210 1775073365.835492
293 209 1775073365.8383672
294 209 1775073365.8393521
295 208 1775073365.8415864
296 207 1775073365.8443925
297 207 1775073365.8454158
298 206 1775073365.8494518
299 206 1775073365.851896
300 206 1775073365.8534799
300 205 1775073365.8552155
301 204 1775073365.857895
302 203 1775073365.8609164
303 203 1775073365.864981
303 202 1775073365.8669071
304 202 1775073365.8689125
304 201 1775073365.8708868
305 201 1775073365.8730774
306 200 1775073365.8810153
306 199 1775073365.8852775
306 198 1775073365.889008
307 198 1775073365.8911338
307 197 1775073365.9010465
307 196 1775073365.9110177
307 195 1775073365.9210298
306 195 1775073365.9310882
306 194 1775073365.9351504
305 194 1775073365.9373274
305 193 1775073365.939309
304 193 1775073365.94165
304 192 1775073365.944084
303 192 1775073365.9469335
302 191 1775073365.9489055
302 190 1775073365.9508984
302 189 1775073365.952961
301 189 1775073365.955408
301 188 1775073365.9577992
301 187 1775073365.95955
300 187 1775073365.961619
299 184 1775073365.963108
299 183 1775073365.965478
298 182 1775073365.969354
298 181 1775073365.971734
297 180 1775073365.9734213
297 179 1775073365.9750485
297 178 1775073365.9777565
296 177 1775073365.9796963
296 176 1775073365.9813561
295 175 1775073365.98337
294 174 1775073365.986912
293 173 1775073365.9910314
293 172 1775073365.9949868
292 172 1775073365.9990737
292 171 1775073366.0011868
291 170 1775073366.0070057
291 171 1775073366.0898845
291 172 1775073366.0961251
291 173 1775073366.1044104

STROKE 2
289 202 1775073366.464901
289 203 1775073366.4980311
289 204 1775073366.5060732
289 205 1775073366.5160413
289 206 1775073366.520004
289 207 1775073366.524083
289 208 1775073366.5321991
289 209 1775073366.5339828
289 210 1775073366.5368183
289 211 1775073366.5447671
289 212 1775073366.548183
289 213 1775073366.554861
288 214 1775073366.556909
288 215 1775073366.5607476
288 216 1775073366.5644135
288 217 1775073366.568399
288 218 1775073366.5717797
288 219 1775073366.5753942
288 222 1775073366.5789454
288 224 1775073366.5832906
287 226 1775073366.5880363
287 231 1775073366.592973
287 236 1775073366.5979555
287 240 1775073366.6026378
287 244 1775073366.6070235
287 247 1775073366.611995
287 252 1775073366.6156483
287 255 1775073366.6196868
288 261 1775073366.6245868
288 264 1775073366.6297264
289 266 1775073366.6353528
289 268 1775073366.641296
290 268 1775073366.646201
290 269 1775073366.702383
290 270 1775073366.7183332
289 270 1775073366.7887716
288 271 1775073366.7924812
287 271 1775073366.7980156
283 272 1775073366.8044786
281 273 1775073366.810123
277 273 1775073366.8163216
272 275 1775073366.8228962
267 275 1775073366.8282838
263 276 1775073366.8351417
260 277 1775073366.8415115
257 277 1775073366.8465688
255 277 1775073366.8530617
254 277 1775073366.857851
253 277 1775073366.8617659
252 277 1775073366.8649938
251 277 1775073366.8689363
250 277 1775073366.8721175
249 277 1775073366.8758938
248 277 1775073366.886414
247 277 1775073366.8959904
246 277 1775073366.9059727
246 276 1775073366.9098802
246 275 1775073366.9179974
245 275 1775073366.9209929
245 274 1775073366.9241037
244 274 1775073366.9281273
244 273 1775073366.9298158
244 272 1775073366.9347694
244 271 1775073366.9378428
243 271 1775073366.940446
243 270 1775073366.9418817
243 269 1775073366.9460857
243 268 1775073366.948683
242 267 1775073366.9518979
242 266 1775073366.9564104
242 265 1775073366.9578404
242 264 1775073366.9619029
241 263 1775073366.965926
241 262 1775073366.9686494
241 261 1775073366.969995
241 260 1775073366.9734242
241 258 1775073366.9757864
241 257 1775073366.9803784
241 256 1775073366.98183
241 255 1775073366.9845014
241 254 1775073366.9875329
240 252 1775073366.9899783
240 251 1775073366.9926007
240 250 1775073366.9948115
240 248 1775073366.997668
240 244 1775073367.0011723
240 243 1775073367.0036826
238 238 1775073367.0085473
238 235 1775073367.011755
238 229 1775073367.016209
237 227 1775073367.0189707
237 222 1775073367.0225134
237 220 1775073367.025877
236 215 1775073367.0288258
236 213 1775073367.0314293
235 207 1775073367.0342839
235 204 1775073367.0366807
234 199 1775073367.0401287
234 197 1775073367.0427396
234 195 1775073367.0457182
233 189 1775073367.0491264
233 187 1775073367.0513551
233 181 1775073367.0544336
232 180 1775073367.0566776
232 178 1775073367.05862
232 176 1775073367.0607815
232 174 1775073367.0634644
232 170 1775073367.0651896
231 168 1775073367.0677137
231 165 1775073367.0700967
231 162 1775073367.071939
231 161 1775073367.07411
231 159 1775073367.0758162
231 157 1775073367.077734
231 156 1775073367.0806315
231 154 1775073367.08232
231 151 1775073367.084078
231 150 1775073367.0858557
231 148 1775073367.0883396
231 147 1775073367.0908153
231 145 1775073367.0925531
231 144 1775073367.0947762
231 140 1775073367.097726
231 139 1775073367.100507
231 137 1775073367.1021206
231 135 1775073367.1048484
231 134 1775073367.1064863
231 133 1775073367.1089575
231 131 1775073367.1118894
231 130 1775073367.1138165
231 129 1775073367.1164362
231 128 1775073367.118532
231 127 1775073367.1205883
231 126 1775073367.1232378
231 124 1775073367.1257362
231 123 1775073367.1318882
231 122 1775073367.136369
231 121 1775073367.1377885
230 121 1775073367.1417935
230 120 1775073367.1443558
230 119 1775073367.1501052
229 119 1775073367.1623275
229 118 1775073367.1668952
229 117 1775073367.1763372
229 116 1775073367.1924114
228 116 1775073367.1981618
228 115 1775073367.2243922
228 114 1775073367.244358
228 113 1775073367.2523427
229 113 1775073367.2586846
229 112 1775073367.262309
230 112 1775073367.2673478
231 111 1775073367.2731926
233 110 1775073367.2782373
237 110 1775073367.284473
241 109 1775073367.2917435
248 107 1775073367.298562
252 107 1775073367.3036854
257 106 1775073367.3078296
258 106 1775073367.3113065
261 106 1775073367.314412
262 106 1775073367.31773
264 105 1775073367.3204615
265 105 1775073367.323177
266 105 1775073367.325739
267 105 1775073367.3277588
268 105 1775073367.333858

