STROKE 1
84 235 1777642154.601000
74 231 1777642154.655000
71 231 1777642154.671000
68 229 1777642154.688000
66 228 1777642154.705000
65 226 1777642154.721000
65 224 1777642154.738000
65 220 1777642154.755000
65 217 1777642154.771000
67 213 1777642154.789000
69 211 1777642154.805000
72 209 1777642154.825000
75 208 1777642154.838000
78 208 1777642154.855000
82 208 1777642154.872000
85 208 1777642154.888000
89 208 1777642154.905000
92 209 1777642154.922000
96 211 1777642154.939000
98 213 1777642154.955000
100 215 1777642154.972000
102 218 1777642154.989000
104 220 1777642155.006000
104 223 1777642155.022000
105 225 1777642155.039000
105 227 1777642155.056000
105 229 1777642155.072000
105 230 1777642155.089000
104 231 1777642155.106000
101 231 1777642155.122000
99 232 1777642155.139000
96 232 1777642155.156000
93 232 1777642155.173000
90 232 1777642155.190000
86 232 1777642155.206000
81 232 1777642155.223000
77 232 1777642155.240000
73 232 1777642155.256000
69 232 1777642155.273000
66 229 1777642155.290000
64 225 1777642155.307000
63 219 1777642155.324000
62 212 1777642155.341000
62 206 1777642155.357000
62 201 1777642155.374000
62 195 1777642155.390000
62 190 1777642155.407000
64 185 1777642155.424000
66 181 1777642155.440000
69 178 1777642155.457000
73 176 1777642155.474000
77 175 1777642155.491000
81 175 1777642155.507000
86 175 1777642155.524000
89 175 1777642155.541000

STROKE 2
135 181 1777642156.326000
131 187 1777642156.428000
129 192 1777642156.445000
127 198 1777642156.461000
126 203 1777642156.478000
125 207 1777642156.495000
125 211 1777642156.511000
125 215 1777642156.528000
125 220 1777642156.545000
125 223 1777642156.562000
126 226 1777642156.578000
129 228 1777642156.595000
134 229 1777642156.611000
138 229 1777642156.628000
141 229 1777642156.645000
143 229 1777642156.662000
146 229 1777642156.678000
148 229 1777642156.695000
150 229 1777642156.712000
152 227 1777642156.729000
154 224 1777642156.745000
156 222 1777642156.762000
157 220 1777642156.779000
159 218 1777642156.795000
160 216 1777642156.812000
162 213 1777642156.829000
163 210 1777642156.846000
163 207 1777642156.862000
164 203 1777642156.879000
164 200 1777642156.896000
164 196 1777642156.913000
164 193 1777642156.929000
164 190 1777642156.946000
163 189 1777642156.963000
162 188 1777642156.980000

STROKE 3
192 182 1777642162.749000
191 180 1777642162.868000
195 180 1777642162.885000
198 181 1777642162.901000
202 183 1777642162.918000
205 185 1777642162.935000
207 187 1777642162.952000
210 189 1777642162.968000
213 192 1777642162.985000
216 195 1777642163.002000
218 198 1777642163.018000
219 202 1777642163.035000
219 205 1777642163.052000
219 210 1777642163.068000
219 215 1777642163.085000
215 220 1777642163.102000
211 224 1777642163.119000
207 228 1777642163.135000
202 232 1777642163.152000
196 234 1777642163.169000
191 235 1777642163.185000
185 235 1777642163.202000
179 235 1777642163.219000
174 232 1777642163.236000
169 227 1777642163.252000
166 220 1777642163.269000
162 214 1777642163.286000
160 210 1777642163.303000
159 208 1777642163.320000

STROKE 4
222 204 1777642172.267000
222 194 1777642172.403000
223 191 1777642172.420000
226 188 1777642172.437000
229 185 1777642172.453000
234 183 1777642172.470000
238 182 1777642172.487000
242 181 1777642172.504000
247 181 1777642172.520000
252 181 1777642172.537000
256 182 1777642172.553000
260 184 1777642172.570000
262 188 1777642172.587000
264 192 1777642172.604000
265 196 1777642172.620000
267 200 1777642172.637000
267 204 1777642172.654000
268 208 1777642172.670000
268 211 1777642172.687000
268 213 1777642172.704000
268 216 1777642172.721000
268 220 1777642172.737000
266 223 1777642172.754000
264 227 1777642172.771000
260 229 1777642172.788000
256 230 1777642172.805000
251 231 1777642172.821000
246 231 1777642172.838000
242 231 1777642172.854000
239 231 1777642172.872000
238 231 1777642172.888000

STROKE 5
321 215 1777642173.556000
317 219 1777642173.675000
314 221 1777642173.692000
309 222 1777642173.708000
304 223 1777642173.725000
297 223 1777642173.741000
292 223 1777642173.758000
288 221 1777642173.775000
285 217 1777642173.792000
283 212 1777642173.808000
283 207 1777642173.825000
282 203 1777642173.842000
282 198 1777642173.858000
282 194 1777642173.875000
283 189 1777642173.892000
285 185 1777642173.908000
287 181 1777642173.925000
290 178 1777642173.942000
293 176 1777642173.959000
297 174 1777642173.975000
301 173 1777642173.992000
304 172 1777642174.009000
306 172 1777642174.026000
307 172 1777642174.042000
309 172 1777642174.059000
310 172 1777642174.092000
311 172 1777642174.143000

STROKE 6
306 154 1777642174.531000
304 155 1777642174.645000
300 157 1777642174.662000
296 157 1777642174.678000
292 158 1777642174.695000
288 158 1777642174.712000
285 157 1777642174.728000
283 153 1777642174.745000
282 148 1777642174.762000
282 144 1777642174.779000
282 139 1777642174.795000
285 134 1777642174.812000
289 130 1777642174.829000
295 127 1777642174.845000
300 125 1777642174.862000
305 124 1777642174.879000
309 124 1777642174.895000
313 124 1777642174.912000
315 124 1777642174.929000
319 124 1777642174.946000
321 124 1777642174.962000

STROKE 7
343 176 1777642175.429000
344 173 1777642175.632000
345 173 1777642175.649000
346 173 1777642175.665000
347 173 1777642175.682000
347 174 1777642175.698000
347 175 1777642175.715000
347 176 1777642175.732000
344 177 1777642175.749000
340 177 1777642175.765000
338 177 1777642175.782000
337 177 1777642175.799000
336 176 1777642175.816000
336 174 1777642175.832000
336 173 1777642175.849000
338 172 1777642175.866000
340 172 1777642175.882000
341 172 1777642175.899000

STROKE 8
349 214 1777642176.420000
347 209 1777642176.535000
350 209 1777642176.552000
352 209 1777642176.569000
354 209 1777642176.585000
356 209 1777642176.602000
357 209 1777642176.618000
358 210 1777642176.635000
359 211 1777642176.652000
359 212 1777642176.669000
359 213 1777642176.685000
357 213 1777642176.719000
355 213 1777642176.736000
353 212 1777642176.752000
351 210 1777642176.769000
350 209 1777642176.786000
349 207 1777642176.802000
348 207 1777642176.819000

