STROKE 1
161 212 1777654332.290000
153 210 1777654332.408000
150 210 1777654332.424000
147 210 1777654332.441000
143 210 1777654332.458000
139 210 1777654332.475000
136 210 1777654332.491000
132 210 1777654332.508000
129 207 1777654332.525000
126 203 1777654332.541000
124 197 1777654332.558000
124 190 1777654332.575000
124 183 1777654332.592000
124 178 1777654332.609000
124 174 1777654332.625000
125 170 1777654332.642000
127 166 1777654332.658000
129 162 1777654332.675000
132 159 1777654332.692000
134 156 1777654332.709000
137 154 1777654332.725000
141 152 1777654332.742000
146 151 1777654332.759000
150 151 1777654332.775000
154 150 1777654332.792000
157 150 1777654332.809000
161 150 1777654332.826000
165 150 1777654332.842000
169 152 1777654332.859000
173 154 1777654332.876000
176 156 1777654332.893000
178 158 1777654332.909000
180 161 1777654332.926000
181 163 1777654332.943000
182 165 1777654332.960000
182 167 1777654332.976000
182 168 1777654332.993000
182 170 1777654333.010000
182 171 1777654333.026000
182 173 1777654333.043000
182 175 1777654333.060000
181 177 1777654333.077000
179 178 1777654333.093000
177 180 1777654333.110000
174 181 1777654333.127000
171 182 1777654333.144000
167 183 1777654333.160000
163 183 1777654333.177000
159 183 1777654333.194000
156 183 1777654333.211000
153 183 1777654333.227000
151 183 1777654333.244000
149 182 1777654333.261000
148 180 1777654333.277000
148 179 1777654333.294000
148 178 1777654333.311000
148 177 1777654333.328000
149 176 1777654333.361000
151 176 1777654333.378000
153 176 1777654333.395000
156 176 1777654333.411000
160 176 1777654333.428000
163 176 1777654333.445000
166 176 1777654333.462000
169 177 1777654333.478000
172 179 1777654333.495000
174 180 1777654333.512000
177 181 1777654333.528000
180 183 1777654333.545000
184 184 1777654333.562000
189 185 1777654333.579000
196 185 1777654333.596000
201 185 1777654333.612000

STROKE 2
241 159 1777654335.937000
233 147 1777654336.089000
230 147 1777654336.105000
226 147 1777654336.122000
222 148 1777654336.139000
218 150 1777654336.156000
215 152 1777654336.172000
212 156 1777654336.189000
210 159 1777654336.206000
210 162 1777654336.222000
210 164 1777654336.239000
210 166 1777654336.256000
214 167 1777654336.289000
218 167 1777654336.306000
224 168 1777654336.323000
230 169 1777654336.340000
235 169 1777654336.356000
240 170 1777654336.373000
244 170 1777654336.389000
247 171 1777654336.406000
251 172 1777654336.423000
254 173 1777654336.440000
256 174 1777654336.456000
257 175 1777654336.473000
258 177 1777654336.490000
259 180 1777654336.506000
260 183 1777654336.523000
260 186 1777654336.540000
260 190 1777654336.557000
260 193 1777654336.573000
260 196 1777654336.590000
260 199 1777654336.607000
259 203 1777654336.624000
256 206 1777654336.640000
252 209 1777654336.657000
248 211 1777654336.674000
244 212 1777654336.690000
239 213 1777654336.708000
235 213 1777654336.724000
231 213 1777654336.741000
226 213 1777654336.758000
222 213 1777654336.775000
218 213 1777654336.791000
214 213 1777654336.808000
210 211 1777654336.824000
207 210 1777654336.841000
204 209 1777654336.858000
202 208 1777654336.875000
201 206 1777654336.891000
200 204 1777654336.908000
200 202 1777654336.925000
200 200 1777654336.942000
204 197 1777654336.958000
208 194 1777654336.975000
213 193 1777654336.992000
219 192 1777654337.008000
224 192 1777654337.025000
228 192 1777654337.042000
230 192 1777654337.059000
231 192 1777654337.075000
231 193 1777654337.348000
231 194 1777654337.377000
231 195 1777654337.394000
231 198 1777654337.411000
231 203 1777654337.427000
231 209 1777654337.444000
231 216 1777654337.461000
231 222 1777654337.477000
231 229 1777654337.494000
232 234 1777654337.511000
232 240 1777654337.527000
232 247 1777654337.544000
232 254 1777654337.561000
233 261 1777654337.577000
233 269 1777654337.594000
234 278 1777654337.611000
234 287 1777654337.628000
235 295 1777654337.645000
236 302 1777654337.661000
237 309 1777654337.678000
238 314 1777654337.695000
239 318 1777654337.712000
240 319 1777654337.728000
240 318 1777654337.779000
240 316 1777654337.795000

STROKE 3
244 118 1777654339.049000
240 121 1777654339.100000
236 122 1777654339.117000
229 125 1777654339.134000
221 128 1777654339.151000
213 129 1777654339.167000
206 129 1777654339.184000
199 128 1777654339.201000
195 124 1777654339.217000
193 117 1777654339.234000
192 109 1777654339.251000
192 102 1777654339.267000
192 95 1777654339.284000
195 89 1777654339.301000
199 84 1777654339.317000
203 79 1777654339.334000
206 76 1777654339.351000
210 73 1777654339.368000
214 71 1777654339.384000
219 70 1777654339.401000
223 70 1777654339.418000
227 70 1777654339.435000
230 70 1777654339.451000
233 70 1777654339.468000
234 70 1777654339.485000
235 70 1777654339.501000
236 70 1777654339.518000
237 71 1777654339.585000

STROKE 4
145 279 1777654345.791000
139 267 1777654345.893000
139 264 1777654345.910000
139 259 1777654345.927000
139 255 1777654345.943000
139 251 1777654345.960000
139 247 1777654345.977000
141 243 1777654345.993000
144 239 1777654346.010000
147 236 1777654346.027000
150 234 1777654346.043000
153 232 1777654346.060000
156 231 1777654346.077000
159 231 1777654346.093000
163 230 1777654346.110000
167 230 1777654346.127000
171 230 1777654346.143000
174 230 1777654346.160000
176 230 1777654346.177000
178 232 1777654346.194000
180 234 1777654346.211000
182 236 1777654346.228000
184 239 1777654346.244000
185 242 1777654346.261000
186 246 1777654346.277000
187 250 1777654346.294000
188 253 1777654346.311000
189 256 1777654346.327000
190 259 1777654346.345000
190 262 1777654346.361000
190 265 1777654346.378000
190 268 1777654346.394000
190 272 1777654346.411000
190 274 1777654346.428000
189 276 1777654346.445000
187 278 1777654346.461000
185 281 1777654346.478000
182 283 1777654346.495000
179 285 1777654346.511000
177 286 1777654346.528000
175 286 1777654346.545000
173 287 1777654346.562000
170 287 1777654346.578000
168 287 1777654346.595000
166 287 1777654346.612000
163 287 1777654346.629000
161 287 1777654346.645000
158 287 1777654346.662000
156 287 1777654346.679000
153 284 1777654346.696000
151 282 1777654346.712000
149 280 1777654346.729000
147 279 1777654346.746000
147 278 1777654346.762000
146 278 1777654346.779000

