STROKE 1
104 158 1777656921.634000
98 164 1777656921.732000
98 167 1777656921.748000
98 171 1777656921.765000
98 174 1777656921.782000
98 177 1777656921.798000
98 181 1777656921.815000
98 184 1777656921.832000
98 188 1777656921.848000
98 192 1777656921.865000
101 194 1777656921.882000
104 197 1777656921.899000
107 199 1777656921.915000
111 201 1777656921.932000
116 202 1777656921.948000
120 203 1777656921.965000
124 203 1777656921.982000
127 204 1777656921.999000
129 204 1777656922.015000
132 204 1777656922.032000
135 204 1777656922.049000
138 204 1777656922.065000
141 204 1777656922.082000
143 203 1777656922.099000
144 200 1777656922.116000
146 197 1777656922.132000
147 193 1777656922.149000
147 189 1777656922.166000
148 186 1777656922.183000
149 183 1777656922.199000
149 181 1777656922.216000
149 178 1777656922.233000
149 176 1777656922.249000
149 173 1777656922.266000
146 170 1777656922.283000
143 168 1777656922.300000
141 166 1777656922.316000
138 164 1777656922.333000
136 161 1777656922.350000
134 159 1777656922.366000
133 158 1777656922.383000
133 157 1777656922.404000
138 159 1777656922.433000

STROKE 2
171 155 1777656925.445000
179 158 1777656925.579000
181 158 1777656925.596000
184 158 1777656925.612000
187 158 1777656925.629000
191 159 1777656925.645000
194 160 1777656925.662000
197 163 1777656925.679000
200 167 1777656925.695000
201 171 1777656925.712000
202 176 1777656925.729000
202 181 1777656925.745000
202 186 1777656925.762000
202 192 1777656925.779000
200 197 1777656925.795000
198 201 1777656925.812000
196 203 1777656925.829000
192 205 1777656925.846000
187 207 1777656925.863000
182 207 1777656925.880000
177 208 1777656925.896000
172 208 1777656925.913000
164 208 1777656925.929000
156 204 1777656925.946000
151 201 1777656925.963000
148 197 1777656925.980000
148 193 1777656925.996000
148 190 1777656926.013000
152 188 1777656926.030000
154 187 1777656926.047000

STROKE 3
235 157 1777656927.070000
230 153 1777656927.452000
230 154 1777656927.469000
230 156 1777656927.485000
230 158 1777656927.502000
230 160 1777656927.519000
230 163 1777656927.535000
230 165 1777656927.552000
230 167 1777656927.569000
230 169 1777656927.586000
230 172 1777656927.602000
230 174 1777656927.619000
230 176 1777656927.635000
230 179 1777656927.652000
231 182 1777656927.669000
231 185 1777656927.686000
231 189 1777656927.702000
232 193 1777656927.719000
232 197 1777656927.736000
232 202 1777656927.753000
233 206 1777656927.769000
233 211 1777656927.786000
233 217 1777656927.803000
234 223 1777656927.819000
234 229 1777656927.836000
234 234 1777656927.853000
234 240 1777656927.870000
235 246 1777656927.887000
235 251 1777656927.903000
236 257 1777656927.920000
236 262 1777656927.937000
237 266 1777656927.953000
238 269 1777656927.970000
239 271 1777656927.987000
240 272 1777656928.003000
240 273 1777656928.037000
240 274 1777656928.125000
240 275 1777656928.171000
240 276 1777656928.204000
240 277 1777656928.221000
239 277 1777656928.238000
237 278 1777656928.255000
236 278 1777656928.271000
234 278 1777656928.288000
231 278 1777656928.304000
229 278 1777656928.322000
226 278 1777656928.338000
224 276 1777656928.355000
221 274 1777656928.372000
219 272 1777656928.389000
217 269 1777656928.405000
215 267 1777656928.422000
213 265 1777656928.438000
212 262 1777656928.455000
211 260 1777656928.472000
210 257 1777656928.489000
210 254 1777656928.505000
209 251 1777656928.522000
209 247 1777656928.539000
208 244 1777656928.555000
208 240 1777656928.572000
208 237 1777656928.589000
208 234 1777656928.606000
207 231 1777656928.622000
207 228 1777656928.639000
207 225 1777656928.656000
207 222 1777656928.673000
206 220 1777656928.689000
206 216 1777656928.706000
206 214 1777656928.723000
205 211 1777656928.740000
205 208 1777656928.756000
204 206 1777656928.773000
204 205 1777656928.790000

STROKE 4
234 180 1777656929.579000
235 170 1777656929.694000
236 166 1777656929.710000
239 160 1777656929.727000
242 156 1777656929.744000
246 152 1777656929.760000
251 149 1777656929.777000
256 148 1777656929.794000
260 146 1777656929.811000
263 146 1777656929.827000
265 146 1777656929.844000
267 146 1777656929.861000
269 146 1777656929.877000
271 146 1777656929.894000
273 146 1777656929.910000
275 148 1777656929.927000
276 150 1777656929.944000
279 154 1777656929.961000
282 159 1777656929.977000
284 165 1777656929.994000
285 169 1777656930.011000
285 173 1777656930.028000
285 176 1777656930.044000
285 178 1777656930.061000
285 182 1777656930.078000
281 185 1777656930.094000
276 189 1777656930.111000
272 191 1777656930.128000
268 193 1777656930.145000
266 194 1777656930.161000
264 194 1777656930.178000
263 194 1777656930.195000

STROKE 5
304 149 1777656934.296000
306 141 1777656934.461000
309 141 1777656934.478000
313 141 1777656934.494000
316 141 1777656934.511000
320 141 1777656934.528000
323 142 1777656934.544000
326 143 1777656934.561000
329 145 1777656934.578000
331 147 1777656934.594000
333 150 1777656934.611000
335 153 1777656934.628000
335 158 1777656934.644000
336 163 1777656934.661000
336 168 1777656934.678000
336 173 1777656934.695000
333 177 1777656934.711000
331 181 1777656934.728000
328 184 1777656934.745000
325 185 1777656934.761000
320 186 1777656934.778000
314 187 1777656934.795000
308 187 1777656934.812000
303 187 1777656934.828000
299 187 1777656934.845000
297 187 1777656934.862000
296 186 1777656934.879000
297 187 1777656935.113000
297 191 1777656935.131000
298 196 1777656935.147000
298 200 1777656935.163000
298 205 1777656935.180000
298 210 1777656935.196000
299 216 1777656935.213000
299 221 1777656935.230000
299 227 1777656935.247000
300 231 1777656935.263000
300 236 1777656935.280000
300 239 1777656935.297000
300 242 1777656935.313000
300 245 1777656935.330000
300 248 1777656935.347000
300 250 1777656935.364000
300 253 1777656935.381000
300 255 1777656935.398000
300 256 1777656935.414000
300 257 1777656935.431000
300 258 1777656935.447000
300 259 1777656935.464000
301 260 1777656935.481000
301 261 1777656935.552000
302 261 1777656935.581000
302 262 1777656935.598000
302 263 1777656935.652000
303 263 1777656935.715000
306 263 1777656935.749000
313 264 1777656935.765000
325 267 1777656935.782000

STROKE 6
325 112 1777656936.769000
323 113 1777656936.920000
318 114 1777656936.937000
313 114 1777656936.953000
307 114 1777656936.970000
301 114 1777656936.987000
296 111 1777656937.003000
292 105 1777656937.020000
289 98 1777656937.037000
289 91 1777656937.053000
289 85 1777656937.070000
291 80 1777656937.087000
296 75 1777656937.103000
302 71 1777656937.120000
307 69 1777656937.137000
313 69 1777656937.153000
317 69 1777656937.170000
321 69 1777656937.187000
324 69 1777656937.204000
325 70 1777656937.220000
326 72 1777656937.237000
326 73 1777656937.254000
326 74 1777656937.270000
326 75 1777656937.304000
327 75 1777656937.321000
327 76 1777656937.342000

