STROKE 1
132 232 1777671335.911000
123 233 1777671335.944000
119 233 1777671335.961000
115 233 1777671335.978000
109 232 1777671335.995000
103 229 1777671336.012000
97 223 1777671336.029000
93 216 1777671336.045000
91 210 1777671336.062000
91 204 1777671336.079000
91 199 1777671336.096000
94 194 1777671336.112000
98 189 1777671336.129000
104 186 1777671336.146000
109 184 1777671336.163000
114 183 1777671336.179000
118 183 1777671336.196000
123 183 1777671336.213000
127 183 1777671336.230000
131 183 1777671336.246000
134 184 1777671336.264000
137 187 1777671336.280000
140 192 1777671336.297000
143 196 1777671336.313000
145 200 1777671336.331000
146 203 1777671336.347000
147 206 1777671336.364000
147 210 1777671336.380000
147 213 1777671336.397000
147 217 1777671336.414000
147 221 1777671336.431000
146 224 1777671336.447000
144 227 1777671336.464000
140 229 1777671336.481000
136 231 1777671336.498000
131 233 1777671336.514000
127 234 1777671336.531000
122 235 1777671336.548000
117 235 1777671336.565000
112 235 1777671336.581000
107 235 1777671336.598000
104 233 1777671336.615000
101 230 1777671336.632000
100 228 1777671336.648000
100 225 1777671336.665000
100 222 1777671336.681000
100 219 1777671336.699000
100 217 1777671336.715000
102 215 1777671336.732000
105 213 1777671336.748000
109 212 1777671336.765000
113 212 1777671336.782000
117 212 1777671336.799000
121 212 1777671336.815000
124 213 1777671336.832000
127 216 1777671336.849000
130 218 1777671336.866000
132 221 1777671336.882000
133 223 1777671336.899000
134 225 1777671336.916000
134 227 1777671336.933000
135 229 1777671336.949000
135 230 1777671336.966000
135 231 1777671336.982000
136 232 1777671337.000000

STROKE 2
133 158 1777671337.818000
124 164 1777671337.936000
120 164 1777671337.953000
116 164 1777671337.969000
111 164 1777671337.987000
106 161 1777671338.003000
103 158 1777671338.020000
101 156 1777671338.037000
99 152 1777671338.053000
99 148 1777671338.071000
99 144 1777671338.087000
99 140 1777671338.104000
99 137 1777671338.120000
99 132 1777671338.137000
102 128 1777671338.153000
104 124 1777671338.170000
107 122 1777671338.187000
111 120 1777671338.203000
115 119 1777671338.220000
117 118 1777671338.237000
121 118 1777671338.254000
123 118 1777671338.271000
127 118 1777671338.287000
129 118 1777671338.304000
132 118 1777671338.321000
135 118 1777671338.338000
137 121 1777671338.354000
139 123 1777671338.371000
140 126 1777671338.388000
142 130 1777671338.405000
143 134 1777671338.421000
143 136 1777671338.438000
143 139 1777671338.455000
143 141 1777671338.471000
143 143 1777671338.488000
143 145 1777671338.505000
141 148 1777671338.521000
139 150 1777671338.538000
137 152 1777671338.555000
134 155 1777671338.572000
132 157 1777671338.588000
129 159 1777671338.605000
126 162 1777671338.622000
123 164 1777671338.639000

STROKE 3
173 183 1777671339.153000
170 186 1777671339.241000
170 191 1777671339.257000
169 198 1777671339.274000
169 205 1777671339.291000
169 212 1777671339.308000
170 219 1777671339.324000
175 222 1777671339.341000
180 223 1777671339.358000
186 223 1777671339.375000
192 223 1777671339.391000
198 222 1777671339.408000
204 219 1777671339.425000
208 215 1777671339.442000
211 211 1777671339.459000
215 206 1777671339.475000
217 202 1777671339.492000
219 198 1777671339.511000
219 194 1777671339.525000
219 190 1777671339.542000
219 186 1777671339.559000
216 183 1777671339.575000
214 181 1777671339.592000
212 180 1777671339.609000
211 180 1777671339.625000
211 181 1777671339.659000

STROKE 4
189 247 1777671340.126000
184 253 1777671340.245000
184 258 1777671340.261000
184 265 1777671340.278000
185 272 1777671340.295000
188 277 1777671340.311000
192 280 1777671340.328000
196 281 1777671340.345000
200 282 1777671340.362000
203 282 1777671340.378000
206 282 1777671340.395000
209 281 1777671340.412000
213 279 1777671340.429000
217 275 1777671340.445000
220 271 1777671340.462000
221 266 1777671340.479000
221 261 1777671340.495000
221 256 1777671340.512000
221 250 1777671340.529000
219 244 1777671340.546000
216 240 1777671340.563000
213 238 1777671340.579000
212 238 1777671340.596000
212 240 1777671340.630000

STROKE 5
219 158 1777671342.081000
210 148 1777671342.152000
209 144 1777671342.168000
209 139 1777671342.185000
209 132 1777671342.202000
209 124 1777671342.218000
212 116 1777671342.235000
218 109 1777671342.252000
224 104 1777671342.269000
229 103 1777671342.286000
234 103 1777671342.302000
237 103 1777671342.319000
239 104 1777671342.336000
241 106 1777671342.353000
242 108 1777671342.369000
242 109 1777671342.386000
242 110 1777671342.403000
242 111 1777671342.436000
242 112 1777671342.453000
242 113 1777671342.470000
242 115 1777671342.487000
242 118 1777671342.503000
242 123 1777671342.520000
242 134 1777671342.537000
242 152 1777671342.554000
244 176 1777671342.570000
245 196 1777671342.587000
246 206 1777671342.604000
247 206 1777671342.621000
247 205 1777671342.721000
248 203 1777671342.738000
250 200 1777671342.754000

STROKE 6
275 168 1777671343.502000
272 176 1777671343.590000
271 185 1777671343.607000
270 195 1777671343.624000
270 205 1777671343.641000
270 211 1777671343.657000
275 213 1777671343.674000
281 213 1777671343.691000
287 212 1777671343.708000
292 208 1777671343.725000
296 204 1777671343.741000
301 200 1777671343.758000
304 194 1777671343.775000
306 189 1777671343.791000
307 184 1777671343.808000
307 180 1777671343.825000
306 176 1777671343.841000
304 174 1777671343.858000
301 172 1777671343.875000
299 171 1777671343.892000
297 171 1777671343.908000

STROKE 7
321 167 1777671348.672000
326 163 1777671348.793000
330 165 1777671348.810000
334 168 1777671348.827000
337 173 1777671348.843000
340 177 1777671348.860000
342 183 1777671348.877000
343 189 1777671348.893000
344 196 1777671348.911000
345 203 1777671348.927000
345 208 1777671348.944000
345 211 1777671348.960000
338 213 1777671348.977000
331 214 1777671348.994000
322 214 1777671349.011000
314 211 1777671349.027000
306 206 1777671349.045000
302 202 1777671349.061000
301 200 1777671349.079000

STROKE 8
340 144 1777671349.903000
334 150 1777671349.981000
327 153 1777671349.998000
319 154 1777671350.014000
310 152 1777671350.031000
304 143 1777671350.048000
300 131 1777671350.065000
300 120 1777671350.081000
305 111 1777671350.098000
315 104 1777671350.115000
326 101 1777671350.132000
336 100 1777671350.149000
344 100 1777671350.165000
348 102 1777671350.182000
349 104 1777671350.198000
350 105 1777671350.216000
350 107 1777671350.232000

