STROKE 1
271 146 1775074165.413606
271 145 1775074165.4985468
270 144 1775074165.5041976
269 144 1775074165.511087
268 143 1775074165.517448
268 142 1775074165.5234632
267 141 1775074165.5283334
266 141 1775074165.534342
265 141 1775074165.536963
264 141 1775074165.546696
263 141 1775074165.5528593
262 141 1775074165.5584598
261 141 1775074165.5642107
260 141 1775074165.5690992
260 142 1775074165.570525
259 142 1775074165.57305
258 142 1775074165.5778618
257 143 1775074165.5809524
256 144 1775074165.5845368
255 145 1775074165.5872364
254 146 1775074165.5900514
253 147 1775074165.5933862
252 148 1775074165.5966275
251 149 1775074165.5999298
250 150 1775074165.6019738
250 151 1775074165.6047213
249 151 1775074165.6058197
249 152 1775074165.6084616
249 153 1775074165.6107025
248 154 1775074165.6120825
247 155 1775074165.6159687
247 156 1775074165.618859
247 157 1775074165.6218445
246 157 1775074165.6258588
246 158 1775074165.6280627
246 159 1775074165.6319923
246 160 1775074165.7084951
247 160 1775074165.7111828
248 160 1775074165.7201428
249 160 1775074165.7222493
250 160 1775074165.7276125
252 160 1775074165.7328248
253 161 1775074165.7387538
255 161 1775074165.7434142
257 161 1775074165.7486506
258 162 1775074165.7527485
260 162 1775074165.7561567
261 163 1775074165.7620716
262 163 1775074165.7650764
263 164 1775074165.7668917
264 165 1775074165.7702482
265 165 1775074165.773666
266 165 1775074165.774604
266 166 1775074165.7762115
267 166 1775074165.7800539
267 167 1775074165.780937
268 167 1775074165.7824883
269 167 1775074165.7837534
270 168 1775074165.7883182
270 169 1775074165.7902296
271 169 1775074165.7925026
272 170 1775074165.795815
273 170 1775074165.7977498
273 171 1775074165.8019571
274 172 1775074165.8038542
275 172 1775074165.8098803
275 173 1775074165.811775
276 173 1775074165.814715
276 174 1775074165.815841
277 174 1775074165.8201675
277 175 1775074165.8229704
277 176 1775074165.8284006
278 177 1775074165.8303041
278 178 1775074165.8358734
279 178 1775074165.8398857
279 179 1775074165.8427632
279 180 1775074165.8458827
279 181 1775074165.8500116
279 182 1775074165.8561628
279 183 1775074165.8621414
279 184 1775074165.8658485
279 185 1775074165.8718677
279 186 1775074165.8738496
278 187 1775074165.879967
278 188 1775074165.8842878
277 188 1775074165.8865824
277 189 1775074165.8882892
276 190 1775074165.8920515
275 191 1775074165.8963633
275 192 1775074165.8998063
274 192 1775074165.901764
273 193 1775074165.905988
272 194 1775074165.9101913
271 194 1775074165.9138484
271 195 1775074165.9158623
270 195 1775074165.9185007
269 196 1775074165.9204621
268 197 1775074165.926105
267 197 1775074165.929896
266 197 1775074165.9338725
265 197 1775074165.9418526
264 197 1775074165.9478853
263 197 1775074165.9539685
262 197 1775074165.9599338
261 197 1775074165.963836
261 196 1775074165.9660554
260 196 1775074165.9679925
260 195 1775074165.9703882
258 194 1775074165.9721236
257 193 1775074165.9765701
256 192 1775074165.980084
255 191 1775074165.982825
255 190 1775074165.9836626
254 190 1775074165.9868917
254 189 1775074165.988519
254 188 1775074165.9907315
253 188 1775074165.9922464
253 187 1775074165.99488
252 187 1775074165.9973261
252 186 1775074165.998883
251 185 1775074166.0038798
251 184 1775074166.0080168
250 184 1775074166.0118837
250 183 1775074166.0765321
250 182 1775074166.092622
251 182 1775074166.0969024
251 181 1775074166.1027713
252 181 1775074166.1247435
253 181 1775074166.131545
254 182 1775074166.1353776
255 183 1775074166.1411293
256 184 1775074166.1463106
259 187 1775074166.1521587
260 188 1775074166.1574526
260 189 1775074166.1611896
262 191 1775074166.1649594
263 192 1775074166.1682518
263 193 1775074166.1708624
263 194 1775074166.1730149
264 197 1775074166.1766396
264 199 1775074166.179106
266 199 1775074166.1809657
266 201 1775074166.1844528
266 202 1775074166.1860907
267 205 1775074166.190283
267 206 1775074166.192241
267 208 1775074166.1941745
267 211 1775074166.197633
267 212 1775074166.1985044
268 213 1775074166.1999109
268 215 1775074166.2039144
268 216 1775074166.2048929
268 219 1775074166.2064621
268 222 1775074166.2078505
268 223 1775074166.2102082
268 225 1775074166.2119856
268 226 1775074166.2149034
268 228 1775074166.216337
268 232 1775074166.2195387
268 234 1775074166.2215896
268 238 1775074166.2242095
268 241 1775074166.2266362
268 243 1775074166.2280822
268 245 1775074166.2304525
268 247 1775074166.233198
268 250 1775074166.234972
268 252 1775074166.2376041
268 257 1775074166.240253
267 261 1775074166.241868
267 263 1775074166.2442245
267 265 1775074166.2469828
265 268 1775074166.2486303
265 270 1775074166.2517817
265 272 1775074166.2528222
265 274 1775074166.2543788
265 277 1775074166.255804
265 278 1775074166.258353
264 280 1775074166.2615278
264 282 1775074166.2632008
264 283 1775074166.2659261
263 286 1775074166.2683518
263 289 1775074166.26985
263 290 1775074166.2743013
263 291 1775074166.2760534
263 292 1775074166.278487
263 293 1775074166.2817528
262 292 1775074166.3667758
262 290 1775074166.3714
262 286 1775074166.378083
262 280 1775074166.3858995
262 278 1775074166.3925662

STROKE 2
277 169 1775074166.8268309
277 167 1775074166.8306253
277 165 1775074166.836386
278 164 1775074166.842202
279 162 1775074166.8500974
280 159 1775074166.8572235
281 158 1775074166.8621714
281 156 1775074166.8660493
282 155 1775074166.8685713
283 154 1775074166.8719718
283 153 1775074166.8759274
284 153 1775074166.878404
284 152 1775074166.8806398
285 151 1775074166.884143
287 150 1775074166.8865163
288 149 1775074166.8897934
289 148 1775074166.8928773
290 146 1775074166.8938498
291 145 1775074166.8980613
292 144 1775074166.8997009
293 143 1775074166.902214
294 143 1775074166.9045877
296 142 1775074166.9058626
297 141 1775074166.90798
298 140 1775074166.9097161
299 140 1775074166.9117956
300 139 1775074166.9144213
302 137 1775074166.916102
303 136 1775074166.91905
304 136 1775074166.9204903
305 136 1775074166.9225323
305 135 1775074166.9246042
306 135 1775074166.9284985
307 135 1775074166.9340065
308 135 1775074166.9380026
309 135 1775074166.9438303
310 135 1775074166.949944
311 135 1775074166.9540286
312 135 1775074166.9578815
313 135 1775074166.9619312
314 136 1775074166.9638917
315 136 1775074166.9680674
316 137 1775074166.9697628
316 138 1775074166.9739041
317 138 1775074166.9765162
318 138 1775074166.9797873
319 139 1775074166.9828327
320 140 1775074166.9858317
320 141 1775074166.9884372
321 141 1775074166.9898622
322 141 1775074166.9920492
322 142 1775074166.9942415
323 143 1775074166.9975848
324 144 1775074166.9998024
324 145 1775074167.003854
325 145 1775074167.0059133
325 146 1775074167.0082092
326 146 1775074167.010365
326 147 1775074167.012583
327 147 1775074167.0142915
327 148 1775074167.0165894
327 149 1775074167.0190654
328 149 1775074167.0207405
328 150 1775074167.0231643
329 151 1775074167.025835
329 152 1775074167.0284538
329 153 1775074167.0298254
330 154 1775074167.0338242
330 155 1775074167.0363438
330 156 1775074167.0380375
331 157 1775074167.0399365
331 159 1775074167.041769
331 160 1775074167.0446293
331 161 1775074167.0474162
331 162 1775074167.0495663
331 165 1775074167.0529873
331 167 1775074167.05568
331 168 1775074167.0587912
331 171 1775074167.0617414
331 172 1775074167.0648305
331 175 1775074167.068175
330 177 1775074167.0705519
330 180 1775074167.074355
330 181 1775074167.0768263
329 182 1775074167.0792017
328 185 1775074167.0817828
328 186 1775074167.0838149
328 188 1775074167.0869486
327 191 1775074167.0898278
326 192 1775074167.0931246
325 193 1775074167.096352
325 194 1775074167.0986702
323 195 1775074167.1017559
323 196 1775074167.1038237
322 196 1775074167.1066642
322 197 1775074167.1098177
322 198 1775074167.1122715
321 198 1775074167.1156006
320 198 1775074167.1579454
319 198 1775074167.1641362
318 198 1775074167.1679826
318 197 1775074167.1719837
317 197 1775074167.178804

STROKE 3
351 143 1775074167.5875914
352 143 1775074167.6422164
353 143 1775074167.7188175
352 143 1775074167.9287682
351 143 1775074168.0186136

STROKE 4
355 185 1775074168.76975
355 184 1775074168.8246002
354 184 1775074168.8297293
353 184 1775074168.8415642
353 183 1775074168.8516855

