STROKE 1
258 158 1775074193.264771
257 159 1775074193.2857296
257 160 1775074193.2916765
256 160 1775074193.2936888
256 161 1775074193.2997632
256 162 1775074193.3029208
255 163 1775074193.3059552
254 163 1775074193.3099463
253 164 1775074193.3137274
253 165 1775074193.3173547
252 166 1775074193.3187623
251 166 1775074193.3224099
251 167 1775074193.3250058
250 168 1775074193.3289049
249 169 1775074193.3309174
249 170 1775074193.3348644
248 170 1775074193.3370938
248 171 1775074193.339915
248 172 1775074193.343167
247 172 1775074193.344801
247 173 1775074193.3478816
246 174 1775074193.3518806
246 175 1775074193.3557765
246 176 1775074193.3578324
246 177 1775074193.3636436
246 178 1775074193.3654788
246 179 1775074193.3716202
246 180 1775074193.375968
246 181 1775074193.3777654
246 182 1775074193.3817801
246 183 1775074193.3845286
246 184 1775074193.3881662
246 185 1775074193.3909862
246 186 1775074193.3917594
246 187 1775074193.3935812
246 188 1775074193.3961523
247 189 1775074193.3987942
247 190 1775074193.4009867
248 192 1775074193.4041576
248 193 1775074193.4063072
248 194 1775074193.4091427
249 196 1775074193.4127061
250 196 1775074193.4163332
251 198 1775074193.4194412
252 200 1775074193.4216416
252 201 1775074193.4246967
253 201 1775074193.4266932
254 202 1775074193.4289196
254 203 1775074193.431934
255 204 1775074193.4342482
256 205 1775074193.439094
257 206 1775074193.4415236
257 207 1775074193.4441223
258 207 1775074193.446933
259 208 1775074193.4478035
260 209 1775074193.4527729
261 210 1775074193.455666
262 210 1775074193.4594085
263 211 1775074193.4618614
264 211 1775074193.4657316
265 213 1775074193.467932
266 214 1775074193.4719062
267 214 1775074193.4746764
268 214 1775074193.4755092
270 215 1775074193.477602
271 216 1775074193.4829464
272 216 1775074193.484103
273 216 1775074193.4874322
274 216 1775074193.4888144
275 216 1775074193.4916701
277 217 1775074193.4949303
278 217 1775074193.4968944
279 217 1775074193.4996731
281 217 1775074193.502353
283 217 1775074193.5037544
285 217 1775074193.5078175
286 217 1775074193.5099328
287 217 1775074193.5114655
289 217 1775074193.514562
290 217 1775074193.5157475
291 217 1775074193.5174832
292 217 1775074193.5213406
293 216 1775074193.522674
294 216 1775074193.5246134
295 216 1775074193.5266068
298 215 1775074193.529724
299 214 1775074193.5316818
302 212 1775074193.5384192
303 211 1775074193.5396657
304 209 1775074193.5434318
305 209 1775074193.5453534
306 208 1775074193.5486042
307 207 1775074193.5497174
308 206 1775074193.5514421
308 205 1775074193.554032
309 204 1775074193.5555081
309 203 1775074193.558038
310 203 1775074193.559886
310 202 1775074193.5621207
311 201 1775074193.5646708
311 200 1775074193.5662003
311 199 1775074193.5698195
312 198 1775074193.5721283
312 197 1775074193.5737426
312 196 1775074193.5775387
313 195 1775074193.578735
313 194 1775074193.582121
313 193 1775074193.5835924
314 192 1775074193.5874593
314 191 1775074193.5904913
314 190 1775074193.591818
314 189 1775074193.5954704
314 188 1775074193.5994465
314 187 1775074193.6014974
314 186 1775074193.6045873
314 185 1775074193.606039
314 184 1775074193.6079621
314 183 1775074193.611542
314 181 1775074193.6154108
314 180 1775074193.6201131
314 179 1775074193.624154
314 178 1775074193.6256075
314 177 1775074193.6295512
313 176 1775074193.6327388
313 175 1775074193.635426
312 174 1775074193.6396558
311 173 1775074193.6434977
310 172 1775074193.646623
309 171 1775074193.6520102
308 171 1775074193.6583693
307 170 1775074193.6623008
306 170 1775074193.6675978
305 169 1775074193.6718645
304 169 1775074193.6777499
303 169 1775074193.692038
302 169 1775074193.7434266
302 170 1775074193.750963
301 170 1775074193.7581627
300 170 1775074193.7708342

STROKE 2
264 202 1775074194.2062805
264 201 1775074194.2383552
265 201 1775074194.248661
266 200 1775074194.2663991
267 200 1775074194.2844791
267 199 1775074194.2930558
268 199 1775074194.2965543
269 199 1775074194.305658
270 198 1775074194.3086352
272 198 1775074194.3149884
274 198 1775074194.320409
276 198 1775074194.326221
278 198 1775074194.3329742
280 198 1775074194.3380103
281 198 1775074194.3416207
282 198 1775074194.3444057
283 198 1775074194.3474946
284 199 1775074194.3509762
285 199 1775074194.354622
286 199 1775074194.3585026
287 199 1775074194.3628638
287 200 1775074194.3653426
288 200 1775074194.369721
288 201 1775074194.3778086
289 201 1775074194.3863156
289 202 1775074194.3931527
290 203 1775074194.397529
291 204 1775074194.4053302
291 205 1775074194.4126394
292 207 1775074194.4196377
292 208 1775074194.4269733
292 209 1775074194.4291532
293 209 1775074194.4343598
293 211 1775074194.440214
293 212 1775074194.4454596
293 213 1775074194.454134
293 214 1775074194.458291
293 215 1775074194.4647381
293 217 1775074194.470824
293 219 1775074194.476915
292 221 1775074194.4877155
292 224 1775074194.4919915
292 225 1775074194.4954937
292 226 1775074194.4979506
291 227 1775074194.5013442
291 229 1775074194.5038955
291 230 1775074194.5060065
291 231 1775074194.5085256
290 232 1775074194.511783
290 233 1775074194.514064
290 234 1775074194.5154526
290 235 1775074194.518169
289 236 1775074194.5193334
289 237 1775074194.522695
289 238 1775074194.5238507
289 241 1775074194.5254169
289 242 1775074194.5280948
288 243 1775074194.5298073
288 244 1775074194.5321827
288 245 1775074194.5345755
288 246 1775074194.5362976
288 247 1775074194.5377896
288 248 1775074194.5399337
288 249 1775074194.5429227
288 250 1775074194.5450234
288 251 1775074194.546626
288 253 1775074194.5482256
288 254 1775074194.550924
288 255 1775074194.552783
288 256 1775074194.5544972
288 257 1775074194.5565324
288 258 1775074194.558946
288 259 1775074194.5606923
288 260 1775074194.5625834
288 261 1775074194.5650353
288 262 1775074194.5668344
288 263 1775074194.568596
289 264 1775074194.5710604
289 265 1775074194.573868
289 266 1775074194.575882
290 266 1775074194.5778966
290 267 1775074194.5797248
290 268 1775074194.5838418
290 269 1775074194.589674
291 270 1775074194.5914955
291 271 1775074194.6015775
291 272 1775074194.6058109
292 272 1775074194.6076996
292 273 1775074194.6098416
292 274 1775074194.615613
292 275 1775074194.6194632
292 276 1775074194.621953
292 277 1775074194.6274195
293 277 1775074194.6294458
293 278 1775074194.6320238
293 279 1775074194.6346846
293 280 1775074194.6398199
293 281 1775074194.6413362
293 282 1775074194.6460629
293 283 1775074194.6537373
293 284 1775074194.6615918
292 284 1775074194.7569208
292 285 1775074194.761351
291 285 1775074194.7744539
290 285 1775074194.782134
289 286 1775074194.7863526
288 286 1775074194.7940814
287 286 1775074194.7941453
285 286 1775074194.8019547
281 286 1775074194.8095882
276 286 1775074194.8164303
269 286 1775074194.8216674
264 286 1775074194.8255675
262 286 1775074194.8289845
258 286 1775074194.8321092
250 286 1775074194.8376906
248 286 1775074194.8412905
244 286 1775074194.844669
242 286 1775074194.8474598
237 286 1775074194.8510675
231 286 1775074194.8537226
229 286 1775074194.8572383
225 286 1775074194.8616304
224 287 1775074194.8616927
221 287 1775074194.8662286
219 287 1775074194.8701205
218 287 1775074194.8744535
218 286 1775074194.9160693
217 285 1775074194.9209132
217 284 1775074194.9254057
216 283 1775074194.9296598
216 282 1775074194.936356
216 281 1775074194.9439082
215 281 1775074194.951965
215 280 1775074194.9598672
215 279 1775074194.9842925
214 279 1775074194.9883986
214 278 1775074194.9948692
213 276 1775074195.00203
213 275 1775074195.0020964
213 272 1775074195.0095818
212 266 1775074195.0172458
211 260 1775074195.0249503
210 248 1775074195.032846
209 237 1775074195.040563
207 228 1775074195.0475504
206 216 1775074195.0528593
205 207 1775074195.0577717
204 198 1775074195.0643477
203 193 1775074195.068808
203 189 1775074195.0718954
202 184 1775074195.074978
201 178 1775074195.0775862
201 176 1775074195.0803466
201 170 1775074195.0839272
200 168 1775074195.086543
200 165 1775074195.0899029
200 163 1775074195.091944
200 160 1775074195.094686
200 158 1775074195.0969598
200 156 1775074195.098716
200 155 1775074195.10117
200 151 1775074195.1035876
200 149 1775074195.1054332
200 148 1775074195.1076531
200 146 1775074195.110323
200 143 1775074195.1121712
200 141 1775074195.1141176
200 139 1775074195.1157699
200 137 1775074195.117823
200 135 1775074195.1199794
200 133 1775074195.1222265
201 130 1775074195.1253293
201 126 1775074195.1284878
201 124 1775074195.130393
202 121 1775074195.1321583
202 119 1775074195.133971
202 117 1775074195.1369793
202 116 1775074195.13885
202 115 1775074195.1405823
202 111 1775074195.143592
202 109 1775074195.1456575
202 108 1775074195.147447
202 107 1775074195.150028
202 106 1775074195.1521935
202 105 1775074195.1555533
202 104 1775074195.15811
203 104 1775074195.1635785
203 103 1775074195.1661327
204 103 1775074195.3003323
205 103 1775074195.3117177
207 102 1775074195.3165681
208 102 1775074195.3237355
211 102 1775074195.3313084
217 101 1775074195.3399565
226 100 1775074195.3474195
237 99 1775074195.3546765
246 98 1775074195.3603973
253 98 1775074195.3642986
261 96 1775074195.3681743
264 96 1775074195.3712137
272 95 1775074195.3749177
281 95 1775074195.378425
284 95 1775074195.3811135
291 95 1775074195.3841908
297 94 1775074195.388122
300 94 1775074195.3908205
304 93 1775074195.3941934
307 93 1775074195.3969514
311 93 1775074195.4001598
312 93 1775074195.4030309
314 93 1775074195.4060667
316 93 1775074195.409986
317 93 1775074195.4128056
318 93 1775074195.4198542
319 93 1775074195.449703
320 93 1775074195.4560838
321 93 1775074195.4630194
322 93 1775074195.4690058
323 93 1775074195.4719973
324 93 1775074195.476538
324 94 1775074195.5623746
324 96 1775074195.570893
323 99 1775074195.579817
323 102 1775074195.59004
323 103 1775074195.5978675

STROKE 3
310 166 1775074195.9453957
309 166 1775074196.0005758
308 166 1775074196.0321906
307 166 1775074196.0405633
306 165 1775074196.047343
305 163 1775074196.05564
303 160 1775074196.0637167
301 156 1775074196.0698981
300 155 1775074196.075053
299 154 1775074196.0789669
299 153 1775074196.083444
298 152 1775074196.0869408
298 151 1775074196.0904288
296 150 1775074196.0937276
296 149 1775074196.0975277
295 148 1775074196.1007812
295 147 1775074196.1043332
295 146 1775074196.1074517
294 145 1775074196.1108725
294 144 1775074196.1141908
294 142 1775074196.1188393
293 142 1775074196.1209717
293 140 1775074196.1256297
293 138 1775074196.1291256
293 137 1775074196.1331553
293 136 1775074196.1365638
293 133 1775074196.14057
293 132 1775074196.1437402
293 130 1775074196.147923
293 127 1775074196.151218
293 125 1775074196.1549783
294 124 1775074196.1577165
294 122 1775074196.160485
296 120 1775074196.1627967
296 119 1775074196.165332
296 116 1775074196.1680934
296 114 1775074196.1705728
296 113 1775074196.1734931
297 112 1775074196.1757722
297 111 1775074196.1792507
298 110 1775074196.1808481
298 109 1775074196.182858
298 108 1775074196.185082
299 106 1775074196.188907
299 105 1775074196.1924663
299 104 1775074196.1951048
300 104 1775074196.1963687
300 103 1775074196.1994553
301 103 1775074196.2023396
301 102 1775074196.204437
301 101 1775074196.207479
302 101 1775074196.2098148
302 100 1775074196.2121155
303 100 1775074196.2154288
304 99 1775074196.218759
304 98 1775074196.2212121
304 97 1775074196.2237265
305 96 1775074196.227167
306 96 1775074196.228741
306 95 1775074196.2310011
307 94 1775074196.2345705
307 93 1775074196.236345
308 93 1775074196.2383902
309 92 1775074196.2408175
309 91 1775074196.2428226
310 90 1775074196.244825
311 89 1775074196.2486856
311 88 1775074196.2524273
312 88 1775074196.2550366
312 87 1775074196.2567923
313 86 1775074196.2590635
314 86 1775074196.2645323
314 85 1775074196.2705495
315 85 1775074196.2982538
316 85 1775074196.3061063
317 85 1775074196.3148792
319 86 1775074196.323949
321 86 1775074196.3364773
321 87 1775074196.342313
322 87 1775074196.3686676
323 87 1775074196.3786314
323 88 1775074196.3830383
324 88 1775074196.3876674
325 89 1775074196.3917966
326 90 1775074196.3966942
327 91 1775074196.4013178
327 92 1775074196.4040706
328 93 1775074196.407564
329 94 1775074196.4111543
330 95 1775074196.4165595
330 96 1775074196.4191444
331 98 1775074196.4230373
331 99 1775074196.426753
331 100 1775074196.430372
331 101 1775074196.4339337
331 103 1775074196.440076
331 106 1775074196.4447885
331 108 1775074196.4506888
331 111 1775074196.4565456
331 114 1775074196.4621449
331 118 1775074196.4685888
331 120 1775074196.4728026
331 121 1775074196.4760659
331 126 1775074196.4845524
331 127 1775074196.4878159
331 128 1775074196.490388
331 129 1775074196.494052
331 130 1775074196.4967773
331 131 1775074196.5006096
331 132 1775074196.5050986
331 133 1775074196.5129814
330 134 1775074196.5167437
330 135 1775074196.5224886
330 136 1775074196.5307214
330 137 1775074196.5344331
329 137 1775074196.5378234
329 138 1775074196.5411873
328 139 1775074196.5456939
327 141 1775074196.5488985
326 142 1775074196.5524921
326 143 1775074196.5557728
324 144 1775074196.5574532
323 145 1775074196.5612419
323 146 1775074196.5632205
322 147 1775074196.5674965
321 148 1775074196.5704286
321 149 1775074196.5730813
320 149 1775074196.5761392
319 150 1775074196.578565
319 151 1775074196.5810175
318 152 1775074196.5845451
317 152 1775074196.5881062
316 153 1775074196.592671
315 154 1775074196.5971358
314 155 1775074196.6005304
313 155 1775074196.6049652
313 156 1775074196.6094995
312 156 1775074196.612591
311 157 1775074196.6156414
310 157 1775074196.6211054
310 158 1775074196.6246116
309 158 1775074196.6326542
309 159 1775074196.6446455
308 159 1775074196.6477146
307 159 1775074196.6525834
307 160 1775074196.6550286
307 161 1775074196.6625652
306 161 1775074196.6654065
305 161 1775074196.6727846
305 162 1775074196.6745255
304 162 1775074196.7048154

STROKE 4
330 164 1775074197.228596
330 165 1775074197.2453644
330 170 1775074197.2592146
331 180 1775074197.2733586
332 186 1775074197.281472
333 193 1775074197.2881062
333 202 1775074197.2952087
333 209 1775074197.3019712
333 218 1775074197.3087525
333 222 1775074197.3144028
333 228 1775074197.3185556
333 230 1775074197.3185987
333 233 1775074197.321994
332 238 1775074197.3255494
331 242 1775074197.3286848
331 245 1775074197.331614
330 249 1775074197.335316
330 251 1775074197.3376343
330 253 1775074197.3404539
329 257 1775074197.3433337
329 259 1775074197.345497
328 262 1775074197.3485656
328 265 1775074197.3507252
328 267 1775074197.3532975
327 269 1775074197.3563848
327 271 1775074197.3585136
327 272 1775074197.3611236
327 273 1775074197.3632298
327 274 1775074197.3654475
327 276 1775074197.3693886
327 277 1775074197.37196
327 278 1775074197.3744998
327 279 1775074197.3777614
327 280 1775074197.3803387
327 281 1775074197.3839915
327 282 1775074197.386304
327 283 1775074197.3925295
327 284 1775074197.400592
328 284 1775074197.4933212
330 283 1775074197.5186357
331 283 1775074197.5187624
337 281 1775074197.5237787
342 279 1775074197.5289989
344 278 1775074197.5330405
351 277 1775074197.5394878
353 276 1775074197.5438576
357 275 1775074197.548091
362 273 1775074197.5528097
364 273 1775074197.5569994
369 272 1775074197.56268
370 272 1775074197.5670218
371 272 1775074197.5710173
372 272 1775074197.5749016
371 272 1775074197.6793902
370 272 1775074197.7192018

STROKE 5
357 259 1775074198.0043945
357 258 1775074198.011552
356 257 1775074198.0213118
356 256 1775074198.0384295
356 255 1775074198.0457575
356 254 1775074198.0533721
356 253 1775074198.1353366
357 253 1775074198.220973
357 254 1775074198.2354162
357 255 1775074198.2485933
357 256 1775074198.2576218
357 258 1775074198.2706304
357 259 1775074198.2772489
356 260 1775074198.2825506
356 261 1775074198.288651
356 262 1775074198.29657
355 262 1775074198.3085756
354 262 1775074198.3413515
353 262 1775074198.363674
352 262 1775074198.3743627
351 261 1775074198.3810983
350 260 1775074198.3910797
350 259 1775074198.4000711
350 258 1775074198.4067702
349 257 1775074198.417912
349 256 1775074198.4310899
349 255 1775074198.447071
349 254 1775074198.4610002
350 254 1775074198.5451534
351 254 1775074198.5519917
352 254 1775074198.5660203
354 256 1775074198.577239
355 257 1775074198.5884688
356 257 1775074198.5990438
356 258 1775074198.6078017
355 258 1775074198.7514331
354 258 1775074198.7649553

