STROKE 1
240 186 1775074930.0033612
241 186 1775074930.0680325
242 186 1775074930.1163025
243 186 1775074930.121938
243 187 1775074930.1296368
244 187 1775074930.1323462
244 188 1775074930.13631
245 188 1775074930.1437368
246 189 1775074930.1530764
246 191 1775074930.162037
247 191 1775074930.166445
247 192 1775074930.171009
247 193 1775074930.1751258
247 194 1775074930.1778023
248 194 1775074930.181543
248 195 1775074930.1845152
248 196 1775074930.1939087
248 197 1775074930.195858
248 198 1775074930.2023757
248 199 1775074930.2037346
248 200 1775074930.209385
248 201 1775074930.2140753
247 201 1775074930.2168365
247 202 1775074930.2208734
246 203 1775074930.2268333
246 204 1775074930.2298532
245 204 1775074930.2336094
245 205 1775074930.236796
244 205 1775074930.2379527
243 205 1775074930.247534
243 206 1775074930.2555397
242 206 1775074930.2717388
241 206 1775074930.2838578
241 205 1775074930.287753
240 204 1775074930.2932842
239 204 1775074930.2946634
238 202 1775074930.3004074
237 202 1775074930.3033109
237 200 1775074930.3072674
236 199 1775074930.3117034
235 197 1775074930.3148136
234 196 1775074930.318727
233 194 1775074930.32238
233 192 1775074930.3269713
232 192 1775074930.3302963
231 188 1775074930.337293
231 186 1775074930.3416142
231 182 1775074930.3486173
231 181 1775074930.3521702
231 179 1775074930.3563948
231 178 1775074930.3599918
231 177 1775074930.3634312
231 175 1775074930.367739
231 174 1775074930.370428
231 173 1775074930.3746262
231 172 1775074930.3806713
231 171 1775074930.3831184
231 170 1775074930.3891954
232 170 1775074930.392384
232 169 1775074930.396932
232 168 1775074930.3993537
233 168 1775074930.4037762
233 167 1775074930.4066868
234 167 1775074930.410781
235 167 1775074930.412887
236 166 1775074930.4170825
242 165 1775074930.4442048
244 165 1775074930.4442394
249 165 1775074930.4451296
251 165 1775074930.4480512
252 165 1775074930.4508905
253 164 1775074930.4531949
255 164 1775074930.4549017
257 164 1775074930.4588275
259 164 1775074930.4609792
262 163 1775074930.464446
263 163 1775074930.4671817
264 163 1775074930.4691575
265 163 1775074930.472561
266 163 1775074930.4749193
267 163 1775074930.4812303
268 163 1775074930.488173
269 163 1775074930.4940972
270 163 1775074930.5027905
271 164 1775074930.5082517
272 165 1775074930.509857
273 166 1775074930.514673
273 167 1775074930.5186324
275 170 1775074930.5229616
277 172 1775074930.5280159
280 181 1775074930.5358589
280 182 1775074930.540665
281 187 1775074930.5448658
284 192 1775074930.5498233
284 194 1775074930.549859
285 196 1775074930.5555146
285 203 1775074930.5578272
285 205 1775074930.5606132
286 211 1775074930.565069
286 216 1775074930.5689387
286 219 1775074930.5710688
286 221 1775074930.5745926
287 230 1775074930.5783043
287 232 1775074930.5807967
287 238 1775074930.5844681
287 241 1775074930.587315
287 247 1775074930.5911708
287 250 1775074930.5936487
287 256 1775074930.597231
287 262 1775074930.6000898
286 265 1775074930.6032236
286 267 1775074930.6051986
286 271 1775074930.606928
286 276 1775074930.6100156
286 278 1775074930.6123486
286 281 1775074930.614028
286 283 1775074930.6171205
286 285 1775074930.6189249
286 287 1775074930.6205115
286 290 1775074930.622324
286 292 1775074930.6247797
286 294 1775074930.6265442
286 295 1775074930.6281865
286 296 1775074930.6309276
286 298 1775074930.6327326
286 300 1775074930.6340978
286 301 1775074930.6359158
286 302 1775074930.638891
286 303 1775074930.6405756
286 304 1775074930.6439364
286 305 1775074930.646025
286 306 1775074930.6517015
287 306 1775074930.72981
288 306 1775074930.733839
288 305 1775074930.7363958
289 305 1775074930.7397108
293 303 1775074930.7441182
296 302 1775074930.7481678
301 301 1775074930.7520163
305 299 1775074930.7561555
311 298 1775074930.7623117
320 296 1775074930.767342
329 295 1775074930.7729876
337 292 1775074930.778548
343 291 1775074930.7854977
349 291 1775074930.7926955
351 290 1775074930.799315
352 290 1775074930.806103
351 290 1775074930.8264594
350 290 1775074930.8443735
349 291 1775074930.8583379
348 291 1775074930.8676484
347 291 1775074930.874827
346 291 1775074930.8815186
345 291 1775074930.8844647
344 291 1775074930.890387
342 289 1775074930.8972278
341 288 1775074930.9056523

STROKE 2
258 159 1775074931.619059
257 159 1775074931.6278896
257 158 1775074931.6359503
256 158 1775074931.6480546
255 158 1775074931.6545231
254 158 1775074931.6639225
253 158 1775074931.672045
252 158 1775074931.6766472
251 158 1775074931.680172
250 158 1775074931.685718
249 157 1775074931.688068
248 157 1775074931.6900213
247 156 1775074931.6937313
246 156 1775074931.6963794
245 155 1775074931.6975784
244 155 1775074931.6999824
243 154 1775074931.7026832
242 154 1775074931.704416
240 152 1775074931.70765
239 151 1775074931.7098114
237 151 1775074931.7120535
236 150 1775074931.7149367
234 149 1775074931.71601
233 148 1775074931.71877
232 148 1775074931.7209504
230 146 1775074931.7231863
229 145 1775074931.7249894
228 144 1775074931.726882
226 143 1775074931.7288785
224 142 1775074931.7305849
223 142 1775074931.7329745
220 141 1775074931.7356071
219 140 1775074931.7382317
218 139 1775074931.740306
217 138 1775074931.7422233
216 137 1775074931.7437701
215 137 1775074931.7456741
214 135 1775074931.7483869
213 134 1775074931.7501836
211 133 1775074931.7520494
210 133 1775074931.7541423
209 132 1775074931.7566466
209 131 1775074931.758341
208 131 1775074931.7597573
207 130 1775074931.763733
207 129 1775074931.765836
206 129 1775074931.76762
206 128 1775074931.7699416
205 128 1775074931.771813
205 127 1775074931.773692
205 126 1775074931.7764342
205 125 1775074931.7800782
204 124 1775074931.7820992
204 123 1775074931.787767
204 122 1775074931.789904
204 121 1775074931.7923849
204 120 1775074931.796044
204 119 1775074931.79761
204 118 1775074931.7995543
204 116 1775074931.803952
204 115 1775074931.8055043
205 113 1775074931.8096611
205 112 1775074931.8126929
206 111 1775074931.8137348
207 110 1775074931.81619
207 108 1775074931.8194892
210 106 1775074931.8205643
211 104 1775074931.8221989
212 102 1775074931.8238797
213 101 1775074931.8269734
214 99 1775074931.8289173
215 97 1775074931.830654
218 93 1775074931.833796
220 92 1775074931.835987
221 91 1775074931.8382504
222 89 1775074931.8407342
223 88 1775074931.8426652
225 85 1775074931.8443685
227 84 1775074931.847444
228 83 1775074931.8492756
228 82 1775074931.8508747
229 82 1775074931.8530211
231 80 1775074931.8557305
232 80 1775074931.857527
233 79 1775074931.8615081
234 78 1775074931.8625
235 78 1775074931.8660934
236 77 1775074931.867893
237 77 1775074931.869828
238 77 1775074931.8738568
239 77 1775074931.8762033
240 77 1775074931.8785915
240 76 1775074931.879723
241 76 1775074931.8826945
242 76 1775074931.8845973
243 76 1775074931.886417
244 76 1775074931.8902042
246 76 1775074931.8922086
247 76 1775074931.8944058
248 76 1775074931.897362
249 76 1775074931.8991277
250 76 1775074931.901519
253 76 1775074931.9044068
254 77 1775074931.906148
255 77 1775074931.9082916
256 77 1775074931.9112065
259 77 1775074931.9129648
260 78 1775074931.9157908
261 78 1775074931.9158156
262 78 1775074931.917938
263 78 1775074931.9204502
264 79 1775074931.9234607
266 79 1775074931.9255276
267 79 1775074931.9285154
268 80 1775074931.9300873
269 80 1775074931.9324126
270 81 1775074931.935823
271 81 1775074931.937714
272 81 1775074931.939892
272 82 1775074931.9418416
273 82 1775074931.9449823
274 83 1775074931.946946
275 83 1775074931.9498813
276 84 1775074931.9526157
277 85 1775074931.9560642
278 86 1775074931.957904
279 87 1775074931.9603817
280 88 1775074931.9645693
281 89 1775074931.9658859
282 90 1775074931.970152
283 91 1775074931.971795
284 92 1775074931.9739609
284 93 1775074931.9760988
285 94 1775074931.9787683
285 96 1775074931.981
286 97 1775074931.9827743
287 98 1775074931.986679
287 99 1775074931.9878328
289 100 1775074931.989631
289 101 1775074931.9918072
290 102 1775074931.993825
290 103 1775074931.9957547
291 104 1775074931.9975693
292 106 1775074932.0016532
292 107 1775074932.0040088
292 108 1775074932.0063732
292 109 1775074932.0093296
293 110 1775074932.011062
293 111 1775074932.0128863
293 112 1775074932.015659
293 113 1775074932.017645
293 114 1775074932.0196526
293 115 1775074932.0225003
293 116 1775074932.0245523
294 117 1775074932.0263655
294 118 1775074932.0294046
294 119 1775074932.0314026
294 120 1775074932.0333924
294 122 1775074932.036091
294 123 1775074932.0380497
294 124 1775074932.0399108
294 125 1775074932.0430644
293 125 1775074932.045422
293 127 1775074932.047939
293 128 1775074932.0510688
293 129 1775074932.0529752
292 130 1775074932.0553823
292 131 1775074932.0581646
292 132 1775074932.0602539
291 133 1775074932.0628746
291 134 1775074932.0654213
291 135 1775074932.0672686
290 137 1775074932.0700111
290 138 1775074932.0725808
289 138 1775074932.074457
289 139 1775074932.077002
288 140 1775074932.0790503
288 141 1775074932.0810606
287 142 1775074932.0841382
286 143 1775074932.0878193
285 144 1775074932.0919068
285 145 1775074932.0940468
284 145 1775074932.0964098
283 146 1775074932.098293
282 148 1775074932.1017456
282 149 1775074932.1044908
281 149 1775074932.1062953
280 149 1775074932.1082768
280 150 1775074932.1103632
279 150 1775074932.1136425
278 150 1775074932.1155725
278 151 1775074932.1178532
277 151 1775074932.1201124
276 152 1775074932.1242504
275 152 1775074932.1259604
274 152 1775074932.1288695
273 153 1775074932.131979
272 154 1775074932.1355822
271 154 1775074932.1381853
270 154 1775074932.1399252
269 154 1775074932.143694
268 155 1775074932.1469069
266 155 1775074932.1482654
265 155 1775074932.1502054
264 155 1775074932.154384
263 156 1775074932.1557605
262 156 1775074932.1599154
261 156 1775074932.1669414
261 157 1775074932.1697936
260 157 1775074932.17386
259 157 1775074932.1937542
258 156 1775074932.207667
257 156 1775074932.211705
256 156 1775074932.2177985
256 155 1775074932.2200372
255 155 1775074932.2236466
254 155 1775074932.2276626
253 155 1775074932.233775
253 154 1775074932.2398217
252 154 1775074932.2425256
251 154 1775074932.2477665
250 154 1775074932.2518177
249 154 1775074932.265781

STROKE 3
227 149 1775074932.6249568
227 148 1775074932.6599512
228 148 1775074932.6642144
229 148 1775074932.6720831
229 147 1775074932.6773775
230 147 1775074932.6812098
231 146 1775074932.6859958
232 145 1775074932.6904826
233 145 1775074932.6968002
234 145 1775074932.7021353
234 144 1775074932.7064395
235 144 1775074932.7112796
236 144 1775074932.7144256
238 143 1775074932.7201254
240 143 1775074932.7259598
242 143 1775074932.7305427
244 143 1775074932.734638
247 143 1775074932.7404091
249 142 1775074932.7442224
253 142 1775074932.7488043
257 142 1775074932.7542849
260 142 1775074932.7591348
263 142 1775074932.7628536
266 142 1775074932.7675033
268 142 1775074932.7715468
269 142 1775074932.7743285
270 141 1775074932.7766197
271 141 1775074932.7801824
272 141 1775074932.7822142
273 141 1775074932.789783
274 141 1775074932.795866
275 141 1775074932.7998319
276 141 1775074932.805878
277 141 1775074932.8097098
277 142 1775074932.8128467
278 142 1775074932.8159347
279 142 1775074932.8200657
280 143 1775074932.8223011
281 143 1775074932.8263426
281 144 1775074932.8294272
282 144 1775074932.831439
283 145 1775074932.835423
284 145 1775074932.8376026
285 145 1775074932.840953
285 146 1775074932.842452
286 146 1775074932.8478403
287 146 1775074932.8556423
287 147 1775074932.9221544
287 148 1775074932.930486
287 149 1775074932.9336793
287 150 1775074932.9394019
287 152 1775074932.9439676
287 153 1775074932.9494293
287 154 1775074932.9546728

