STROKE 1
557 133 1775075607.5301201
557 132 1775075607.5341241
556 131 1775075607.5420666
556 130 1775075607.5445952
556 129 1775075607.5461261
556 128 1775075607.5510156
556 127 1775075607.554433
555 127 1775075607.556038
555 126 1775075607.5584123
554 126 1775075607.5629659
554 125 1775075607.5660062
553 125 1775075607.569149
553 124 1775075607.5719213
552 124 1775075607.5751643
551 124 1775075607.652211
550 125 1775075607.6561344
549 125 1775075607.659415
549 126 1775075607.6640553
548 127 1775075607.6680775
547 128 1775075607.6712134
546 129 1775075607.6747324
546 130 1775075607.678226
545 130 1775075607.6800914
545 131 1775075607.6842284
544 131 1775075607.68619
544 132 1775075607.689153
543 133 1775075607.6919038
542 133 1775075607.6961017
542 134 1775075607.6986964
542 135 1775075607.7019963
542 136 1775075607.707968
541 137 1775075607.7139118
541 138 1775075607.7298658
542 138 1775075607.7722447
543 138 1775075607.7863445
544 138 1775075607.790388
544 139 1775075607.7941666
545 140 1775075607.7962477
545 141 1775075607.8000638
546 141 1775075607.8033266
548 142 1775075607.8070292
549 143 1775075607.8104327
550 144 1775075607.8141422
552 145 1775075607.8171892
552 146 1775075607.8202963
552 147 1775075607.822583
553 148 1775075607.8254964
554 149 1775075607.8277602
555 149 1775075607.8321006
556 151 1775075607.8379648
557 152 1775075607.8403447
558 152 1775075607.8459568
558 153 1775075607.852425
559 154 1775075607.8639197
559 155 1775075607.873951
560 155 1775075607.8803105
560 156 1775075607.8839073
560 157 1775075607.8879547
561 158 1775075607.8899853
562 158 1775075607.8925676
563 159 1775075607.8960288
563 160 1775075607.8980968
563 161 1775075607.9020393
564 161 1775075607.904031
564 162 1775075607.9065676
565 163 1775075607.9098425
565 164 1775075607.9139628
565 165 1775075607.916465
565 166 1775075607.9220455
565 167 1775075607.925733
565 168 1775075607.9298644
566 168 1775075607.9318914
566 169 1775075607.9680195
565 169 1775075607.9781005
564 169 1775075607.9821177
564 170 1775075607.984164
563 170 1775075607.9871426
562 171 1775075607.9904435
561 171 1775075607.9938645
560 172 1775075607.9965312
559 172 1775075607.9997807
558 173 1775075608.0023952
557 173 1775075608.0056157
556 173 1775075608.0086412
555 173 1775075608.0116062
554 174 1775075608.0148017
553 174 1775075608.0176487
552 175 1775075608.0210793
551 175 1775075608.0239024
550 175 1775075608.0299797
549 175 1775075608.036019
548 175 1775075608.066017
547 174 1775075608.076056
546 174 1775075608.084044
546 173 1775075608.0881944
545 173 1775075608.0901659
545 172 1775075608.0946856
544 172 1775075608.0965557
544 171 1775075608.099466
543 171 1775075608.102822
543 170 1775075608.1058981
542 169 1775075608.1107697
541 169 1775075608.1124775
541 168 1775075608.1154013
540 167 1775075608.1190963
540 166 1775075608.1281002
539 165 1775075608.1320248
539 164 1775075608.1400802
540 164 1775075608.2541096
541 165 1775075608.2620893
542 165 1775075608.2651587
542 166 1775075608.269153
543 166 1775075608.271036
544 169 1775075608.2751982
545 170 1775075608.2797294
546 172 1775075608.283769
547 173 1775075608.2869034
548 175 1775075608.2906623
548 176 1775075608.2937574
549 178 1775075608.2977595
550 179 1775075608.3014648
551 182 1775075608.3058245
551 185 1775075608.3090785
551 187 1775075608.312857
552 191 1775075608.3164763
553 194 1775075608.3200958
553 196 1775075608.3233328
553 199 1775075608.3265805
553 201 1775075608.3294864
554 205 1775075608.3328173
554 207 1775075608.3348823
556 212 1775075608.3377755
556 213 1775075608.3406858
556 216 1775075608.3426325
557 218 1775075608.3456342
557 223 1775075608.3480012
557 224 1775075608.3501031
557 226 1775075608.3532112
558 228 1775075608.3552191
558 231 1775075608.3575745
558 235 1775075608.360498
558 237 1775075608.3625436
558 240 1775075608.3652349
558 245 1775075608.368135
558 247 1775075608.3699353
558 249 1775075608.3726337
558 251 1775075608.375387
558 253 1775075608.377182
559 256 1775075608.380298
559 257 1775075608.383078
559 261 1775075608.3858528
559 262 1775075608.3887913
560 262 1775075608.3908405
560 263 1775075608.3931127
560 265 1775075608.3963203
560 266 1775075608.4000077
561 266 1775075608.4026918
561 267 1775075608.4039083
561 268 1775075608.4099224
561 267 1775075608.4699788
561 266 1775075608.4779527
560 266 1775075608.4809728
559 266 1775075608.4919508
559 265 1775075608.494084
559 264 1775075608.4981217
559 263 1775075608.5020282
559 262 1775075608.5059679
559 261 1775075608.5080166
559 260 1775075608.5106833
559 259 1775075608.5123038
559 258 1775075608.5147133
559 257 1775075608.5168965
559 256 1775075608.519621
559 254 1775075608.521824

STROKE 2
604 125 1775075609.1762216
604 126 1775075609.192364
604 127 1775075609.2024558
604 128 1775075609.2084677
604 129 1775075609.2140257
604 130 1775075609.219994
604 131 1775075609.2231216
604 134 1775075609.2294574
604 135 1775075609.234213
604 138 1775075609.2389715
604 139 1775075609.2428465
604 140 1775075609.2458186
604 142 1775075609.2493267
604 143 1775075609.2521658
604 145 1775075609.2553325
604 147 1775075609.2581615
604 148 1775075609.2606614
604 149 1775075609.2638972
604 150 1775075609.2664924
604 151 1775075609.2694728
604 152 1775075609.2716587
604 153 1775075609.2735243
604 154 1775075609.2763207
604 156 1775075609.2789361
604 157 1775075609.28105
604 159 1775075609.284804
604 160 1775075609.2859218
604 161 1775075609.290234
604 162 1775075609.292538
605 162 1775075609.293992
605 163 1775075609.2985609
605 164 1775075609.2998338
605 165 1775075609.3018837
605 166 1775075609.3058658
606 167 1775075609.307939
606 168 1775075609.3118937
606 169 1775075609.3198485
607 169 1775075609.3222003
608 169 1775075609.3318577
608 170 1775075609.3340716
609 170 1775075609.3439145
610 171 1775075609.352378
611 171 1775075609.3579447
611 172 1775075609.3596876
612 172 1775075609.3626552
613 173 1775075609.369951
614 173 1775075609.3717234
615 173 1775075609.3760643
615 174 1775075609.380335
616 174 1775075609.3818603
617 174 1775075609.3898902
617 175 1775075609.3925283
618 175 1775075609.3942287
619 175 1775075609.3974009
620 175 1775075609.4019613
621 175 1775075609.4039872
622 175 1775075609.4068055
623 175 1775075609.4107063
625 175 1775075609.4148116
625 174 1775075609.416662
626 174 1775075609.4187162
628 174 1775075609.4220173
628 173 1775075609.425161
632 173 1775075609.4284098
634 172 1775075609.4317396
635 171 1775075609.4344091
637 169 1775075609.4383686
638 169 1775075609.441195
640 168 1775075609.444168
641 167 1775075609.4464178
641 166 1775075609.4489079
643 165 1775075609.4519372
644 164 1775075609.45411
645 164 1775075609.4572167
645 163 1775075609.4595141
646 162 1775075609.4628987
646 161 1775075609.465524
648 160 1775075609.4685092
649 159 1775075609.4720159
649 158 1775075609.4764843
649 157 1775075609.481956
649 156 1775075609.48796
649 155 1775075609.4999564
649 154 1775075609.5018444
649 153 1775075609.5064054
649 151 1775075609.5139074
649 150 1775075609.5158794
649 149 1775075609.52067
649 148 1775075609.5230012
649 147 1775075609.525758
649 146 1775075609.528487
648 146 1775075609.5305672
648 145 1775075609.533319
648 144 1775075609.5357857
647 143 1775075609.537905
647 142 1775075609.5409462
647 141 1775075609.5441458
647 140 1775075609.5476215
647 139 1775075609.5490577
647 138 1775075609.5524683
646 137 1775075609.555987
645 136 1775075609.558753
644 135 1775075609.5659752
644 134 1775075609.569972
644 133 1775075609.573982
643 133 1775075609.5764236
642 133 1775075609.581875
642 132 1775075609.6663573
641 132 1775075609.669064
642 132 1775075609.728319
642 133 1775075609.733363
642 134 1775075609.7390025
643 135 1775075609.7420545
644 137 1775075609.7479568
645 139 1775075609.7526903
648 141 1775075609.7564058
649 144 1775075609.76004
649 145 1775075609.763216
650 146 1775075609.766579
650 149 1775075609.7694836
651 152 1775075609.7721596
651 153 1775075609.7748551
651 155 1775075609.7789247
652 156 1775075609.7806187
653 157 1775075609.783696
653 159 1775075609.786613
653 161 1775075609.789398
654 164 1775075609.792392
654 165 1775075609.7950711
655 167 1775075609.7980926
655 168 1775075609.8024316
656 170 1775075609.804158
656 171 1775075609.8081555
656 172 1775075609.8099105
656 173 1775075609.8130631
657 173 1775075609.8154552
657 175 1775075609.8181105
658 176 1775075609.821949
658 177 1775075609.8320012
659 177 1775075609.8348043
661 177 1775075609.8658466
661 178 1775075609.8683121
662 178 1775075609.8715832
663 178 1775075609.8757946
664 178 1775075609.878631
665 178 1775075609.880274
666 178 1775075609.8859544
667 178 1775075609.8877392
668 178 1775075609.8905098
669 178 1775075609.8944676
671 177 1775075609.8966317
672 177 1775075609.900368
674 177 1775075609.9021673
676 177 1775075609.905296
678 176 1775075609.9080992
679 176 1775075609.910878
679 175 1775075609.9132512
682 174 1775075609.9160235
682 173 1775075609.9190912
684 172 1775075609.921913
685 171 1775075609.9247737
686 171 1775075609.9273138
687 168 1775075609.9305096
688 166 1775075609.9347358
689 166 1775075609.9365265
689 165 1775075609.9393601
690 162 1775075609.9419923
691 161 1775075609.9459546
691 160 1775075609.9489748
691 159 1775075609.95066
691 156 1775075609.9538093
691 155 1775075609.956729
691 154 1775075609.9592292
691 153 1775075609.9616504
691 151 1775075609.964576
691 147 1775075609.9679399
690 144 1775075609.971943
690 143 1775075609.9748518
690 140 1775075609.977788
689 139 1775075609.9803011
689 138 1775075609.9828885
688 134 1775075609.9857707
688 133 1775075609.9888332
688 131 1775075609.992736
687 131 1775075609.9956646
687 129 1775075609.998681
686 128 1775075610.0021482
686 127 1775075610.005491
685 125 1775075610.0094457
685 124 1775075610.0135777
684 123 1775075610.0176206
684 122 1775075610.0214522
683 122 1775075610.0250862
683 121 1775075610.0275424
682 121 1775075610.0303798
682 120 1775075610.03339
681 120 1775075610.0400357
681 119 1775075610.0479915
681 118 1775075610.2962875
681 117 1775075610.299826
679 116 1775075610.3046646
678 114 1775075610.3095214
676 111 1775075610.318038
670 105 1775075610.3263109
667 100 1775075610.3344154
665 97 1775075610.341671
664 94 1775075610.3468935
662 93 1775075610.352004
662 92 1775075610.3520381
661 90 1775075610.358117
660 87 1775075610.3660698
660 83 1775075610.3745377
660 80 1775075610.3818314
660 77 1775075610.388041
661 74 1775075610.3934786
662 70 1775075610.39738
665 68 1775075610.400889
668 65 1775075610.4055634
670 61 1775075610.4093845
672 58 1775075610.4131527
675 55 1775075610.4170976
679 52 1775075610.4207752
684 49 1775075610.4243019
689 47 1775075610.4278817
693 44 1775075610.4318783
694 44 1775075610.4355042
700 43 1775075610.4398232
702 43 1775075610.4430828
704 43 1775075610.447284
706 43 1775075610.4517057
707 43 1775075610.4545712
709 43 1775075610.457935
710 43 1775075610.4615338
711 44 1775075610.4645603
713 45 1775075610.467031
714 46 1775075610.471006
714 47 1775075610.4740155
715 48 1775075610.4779441
717 51 1775075610.480886
717 52 1775075610.4836411
718 54 1775075610.4870238
719 56 1775075610.489907
719 57 1775075610.4930174
721 59 1775075610.4958258
722 61 1775075610.4988213
722 62 1775075610.5014691
723 63 1775075610.5042236
723 64 1775075610.5075223
724 65 1775075610.5098147
724 66 1775075610.5127175
724 67 1775075610.5165558
725 68 1775075610.5209143
725 69 1775075610.5225384
726 69 1775075610.5267406

