STROKE 1
183 218 1774904791.437898
182 217 1774904791.458187
181 217 1774904791.4721043
179 216 1774904791.4790125
178 215 1774904791.4859982
176 214 1774904791.4928644
173 212 1774904791.4999425
171 211 1774904791.5068784
168 209 1774904791.5137036
166 206 1774904791.5208323
164 204 1774904791.5286272
161 201 1774904791.5357082
159 197 1774904791.5426245
157 194 1774904791.5495987
156 191 1774904791.5567925
155 188 1774904791.563518
154 185 1774904791.5703986
153 182 1774904791.577344
153 180 1774904791.584168
153 178 1774904791.5911708
153 176 1774904791.5981503
153 175 1774904791.605045
153 174 1774904791.6120102
154 173 1774904791.619135
155 172 1774904791.6259158
156 171 1774904791.6328914
157 170 1774904791.639841
160 169 1774904791.6467354
163 169 1774904791.6539407
166 168 1774904791.6607907
170 167 1774904791.6676838
173 166 1774904791.67477
177 165 1774904791.6818938
180 164 1774904791.6888063
184 164 1774904791.69575
187 163 1774904791.7027733
189 162 1774904791.7097487
191 162 1774904791.716796
194 162 1774904791.7238505
196 162 1774904791.73085
197 163 1774904791.7378392
199 163 1774904791.7448618
200 164 1774904791.7517529
201 164 1774904791.7587392
202 165 1774904791.765795
203 166 1774904791.7728398
204 167 1774904791.7798052
205 168 1774904791.7867217
205 170 1774904791.7938666
206 171 1774904791.800826
207 173 1774904791.8078465
208 175 1774904791.8148441
209 176 1774904791.8217835
210 178 1774904791.8288212
211 180 1774904791.8357623
212 182 1774904791.8427064
213 184 1774904791.8498363
214 185 1774904791.8567944
215 187 1774904791.863821
215 188 1774904791.8708131
216 189 1774904791.8777869
217 190 1774904791.8848124
218 191 1774904791.8917782
219 192 1774904791.8988252
220 193 1774904791.9057713
221 194 1774904791.9128
222 195 1774904791.9198427
224 197 1774904791.9268017
225 199 1774904791.933841
227 200 1774904791.9408085
229 202 1774904791.947819
231 204 1774904791.9547925
233 205 1774904791.961788
234 206 1774904791.9687796
236 207 1774904791.975841
237 207 1774904791.9828026
238 207 1774904791.9898362
239 207 1774904792.0109408
240 207 1774904792.0391653
241 206 1774904792.074083
242 206 1774904792.0808694
242 205 1774904792.0880377
243 204 1774904792.0951283
244 202 1774904792.109065
245 202 1774904792.1159098
245 201 1774904792.1231425
246 199 1774904792.129819
246 198 1774904792.1370845
246 197 1774904792.1440172
247 195 1774904792.1580365
247 194 1774904792.1649475
247 193 1774904792.1718004
248 191 1774904792.17907
248 189 1774904792.1860414
248 187 1774904792.1956284
248 185 1774904792.2013805
248 182 1774904792.207119
248 180 1774904792.2139912
248 178 1774904792.2210565
248 177 1774904792.2279632
248 175 1774904792.2347753
248 173 1774904792.2418845
248 172 1774904792.248892
248 170 1774904792.2558916
247 169 1774904792.262899
247 168 1774904792.2699652
247 166 1774904792.277029
247 164 1774904792.290964
246 163 1774904792.2981207
246 162 1774904792.3052323
246 161 1774904792.3123903
245 161 1774904792.3190734
245 160 1774904792.3401625
244 160 1774904792.3890164
243 160 1774904792.4032035
242 160 1774904792.4099357
241 160 1774904792.4240215
240 160 1774904792.4310582
239 160 1774904792.4380622
238 160 1774904792.4520056
237 159 1774904792.4588969
236 159 1774904792.5012033

STROKE 2
250 168 1774904794.0909836
249 167 1774904794.1390786
249 166 1774904794.1807473
250 166 1774904794.190316
250 165 1774904794.1960306
251 164 1774904794.209524
252 164 1774904794.2158804
253 164 1774904794.223463
254 163 1774904794.2303483
255 163 1774904794.237422
256 163 1774904794.2443755
257 163 1774904794.2509844
259 163 1774904794.2582154
260 163 1774904794.2651432
261 163 1774904794.2722645
263 162 1774904794.2793329
265 162 1774904794.2860608
267 162 1774904794.293183
270 162 1774904794.3001525
272 162 1774904794.3068182
274 163 1774904794.3138127
277 164 1774904794.320873
281 165 1774904794.3279972
284 166 1774904794.3348682
287 167 1774904794.3418758
291 168 1774904794.3488262
295 169 1774904794.355777
298 170 1774904794.3627746
301 171 1774904794.3697517
304 172 1774904794.3771958
307 173 1774904794.3837342
309 175 1774904794.3907387
311 177 1774904794.3979697
312 179 1774904794.4048247
313 180 1774904794.4117186
315 182 1774904794.4188685
316 184 1774904794.4259017
316 185 1774904794.4328375
317 187 1774904794.4400904
317 188 1774904794.4468071
317 189 1774904794.4538877
317 190 1774904794.460756
317 191 1774904794.4678693
317 192 1774904794.474816
317 193 1774904794.4820576
317 194 1774904794.4888554
316 195 1774904794.4962518
316 196 1774904794.502896
316 197 1774904794.509858
315 198 1774904794.516853
314 199 1774904794.525023
314 200 1774904794.5316756
312 201 1774904794.5379977
311 202 1774904794.54467
310 203 1774904794.5520818
309 204 1774904794.5588963
308 204 1774904794.565938
307 205 1774904794.572838
306 206 1774904794.5800307
305 206 1774904794.5937657
304 206 1774904794.6006985
303 206 1774904794.6077726
302 206 1774904794.614923
301 206 1774904794.6217499
300 206 1774904794.6288536
299 206 1774904794.6359222
298 206 1774904794.6570432
297 206 1774904794.663807
296 206 1774904794.6778579
296 205 1774904794.684739
295 205 1774904794.6917803
294 205 1774904794.698701
293 205 1774904794.712671
292 204 1774904794.719772
291 204 1774904794.7337806
290 204 1774904794.7477095

STROKE 3
334 169 1774904795.3436215
335 168 1774904795.4417915
336 167 1774904795.454767
337 166 1774904795.4619389
338 166 1774904795.4688923
339 165 1774904795.4758244
340 165 1774904795.482784
341 165 1774904795.4897416
342 165 1774904795.4966784
343 164 1774904795.503727
344 164 1774904795.5177662
345 164 1774904795.531771
346 164 1774904795.5530534
347 164 1774904795.6019924
346 165 1774904795.735085
345 165 1774904795.741752
344 165 1774904795.7486353
343 165 1774904795.7557025
342 165 1774904795.7627745
341 165 1774904795.769907
340 165 1774904795.7769477
339 165 1774904795.7838335
338 165 1774904795.7977374
339 165 1774904795.9244227
340 165 1774904795.931764
341 165 1774904795.9447637
342 165 1774904795.9519758
343 165 1774904795.9589472
344 165 1774904795.9661942
345 165 1774904795.9733
346 165 1774904795.986997
347 165 1774904795.994136
346 166 1774904796.1200266
345 167 1774904796.1272357
344 167 1774904796.1342528
342 168 1774904796.1412914
341 168 1774904796.1483352
339 169 1774904796.1556299
338 169 1774904796.163014
337 169 1774904796.1702192
336 169 1774904796.1773894
335 169 1774904796.1869085
334 169 1774904796.196172
333 169 1774904796.2315495
334 169 1774904796.3160627
336 169 1774904796.3299725
337 169 1774904796.337088
338 169 1774904796.3441737
340 169 1774904796.351203
341 169 1774904796.3577526
342 169 1774904796.3644495
343 169 1774904796.371351
344 169 1774904796.3852384
345 169 1774904796.3993251
344 169 1774904796.5541086
343 169 1774904796.5610383
342 169 1774904796.5682323
341 168 1774904796.5754123
340 168 1774904796.5829587
339 168 1774904796.5889385
338 168 1774904796.602378
337 168 1774904796.6171284
337 167 1774904796.7290702
338 167 1774904796.7362287
339 166 1774904796.7430503
340 166 1774904796.7571068
341 166 1774904796.7642584
341 165 1774904796.771102
342 165 1774904796.7775483
343 165 1774904796.8199604
344 165 1774904796.8830695
344 164 1774904796.9320796

STROKE 4
338 197 1774904797.6131392
339 197 1774904797.7372704
340 198 1774904797.751187
341 198 1774904797.7586854
342 198 1774904797.7660687
343 198 1774904797.779067
344 198 1774904797.7930865
345 198 1774904797.807083
346 198 1774904797.828122
347 198 1774904797.8491974
347 197 1774904797.8913636
346 198 1774904798.0113218
345 198 1774904798.024244
344 198 1774904798.0314755
343 198 1774904798.045277
342 198 1774904798.0524049
341 198 1774904798.0596125
340 198 1774904798.067189
339 197 1774904798.074804
338 197 1774904798.0872376
337 197 1774904798.0944998
337 196 1774904798.1018941
336 196 1774904798.1292398
337 196 1774904798.2553642
337 195 1774904798.2677338
338 195 1774904798.272095
339 195 1774904798.2835133
340 195 1774904798.2909381
340 194 1774904798.2988143
341 194 1774904798.3111007
342 194 1774904798.35353
341 194 1774904798.5002456
341 195 1774904798.5077758
340 195 1774904798.5215106
339 195 1774904798.541517
338 195 1774904798.5555975
337 195 1774904798.5626464
336 195 1774904798.5769236
337 195 1774904798.7102692
337 194 1774904798.7182848
338 194 1774904798.7260683
339 194 1774904798.7313836
340 194 1774904798.7387211
340 193 1774904798.7462084
341 193 1774904798.7531664
342 193 1774904798.7797852
343 193 1774904798.8293831
344 193 1774904799.1023803
345 193 1774904799.136608
346 193 1774904799.2004616
347 193 1774904799.2108486
347 194 1774904799.2283869
348 194 1774904799.2494993
348 195 1774904799.277406
349 195 1774904799.3125145
349 196 1774904799.3202686
347 196 1774904799.5292594
346 196 1774904799.5432363
345 196 1774904799.55716
344 196 1774904799.564711
343 196 1774904799.572392
342 196 1774904799.5988941
341 196 1774904799.648673
342 196 1774904799.8373766
343 196 1774904799.8583903
344 196 1774904799.9003413
345 195 1774904800.3275163

