STROKE 1
485 212 1775075887.221441
485 211 1775075887.2729821
485 210 1775075887.2787962
485 209 1775075887.2847762
486 209 1775075887.2874682
487 208 1775075887.2908323
487 207 1775075887.2947042
488 206 1775075887.2992094
489 205 1775075887.304633
490 205 1775075887.3074872
490 204 1775075887.3089075
491 203 1775075887.3147943
492 203 1775075887.3187916
493 202 1775075887.3227432
494 202 1775075887.3250618
495 202 1775075887.328948
496 202 1775075887.3314037
497 202 1775075887.3329008
498 201 1775075887.3372886
499 201 1775075887.340967
500 201 1775075887.3436859
501 201 1775075887.3448792
502 201 1775075887.349172
503 201 1775075887.3526018
504 201 1775075887.3560648
505 201 1775075887.358906
506 201 1775075887.3627367
507 202 1775075887.3688653
508 202 1775075887.3726366
509 202 1775075887.3786452
510 203 1775075887.3828182
511 203 1775075887.3886633
511 204 1775075887.3905904
512 204 1775075887.3948088
513 204 1775075887.3987715
513 205 1775075887.4011872
514 206 1775075887.4048445
514 207 1775075887.4129226
515 207 1775075887.4153693
516 207 1775075887.4287684
516 208 1775075887.4347591
515 208 1775075887.4487677
515 209 1775075887.4567344
514 210 1775075887.4627197
514 211 1775075887.4687412
513 211 1775075887.4723284
512 212 1775075887.4758217
512 213 1775075887.4788861
511 214 1775075887.4827175
510 214 1775075887.4887314
510 215 1775075887.4912403
509 215 1775075887.4948072
508 216 1775075887.4986503
507 216 1775075887.5019479
507 217 1775075887.5049865
506 217 1775075887.5083008
505 217 1775075887.5112095
504 217 1775075887.5148683
503 218 1775075887.5165546
502 218 1775075887.5213826
501 218 1775075887.52463
500 218 1775075887.5287535
499 218 1775075887.53135
498 218 1775075887.532707
497 218 1775075887.535952
496 218 1775075887.5385997
495 218 1775075887.5412378
494 218 1775075887.5446374
493 218 1775075887.5467823
492 218 1775075887.5499656
491 217 1775075887.5526757
490 217 1775075887.5555735
488 217 1775075887.558747
488 216 1775075887.5611944
485 216 1775075887.564613
485 215 1775075887.5668457
484 215 1775075887.569315
483 214 1775075887.5723934
482 213 1775075887.5745208
481 213 1775075887.5778005
479 212 1775075887.5807483
479 211 1775075887.5837085
478 210 1775075887.5864978
476 209 1775075887.5885146
475 208 1775075887.593352
475 207 1775075887.5966551
474 207 1775075887.5994525
474 206 1775075887.601074
473 205 1775075887.6032946
472 204 1775075887.6075985
472 203 1775075887.610689
472 202 1775075887.6135886
471 202 1775075887.6152308
471 201 1775075887.6176298
471 200 1775075887.6202912
471 199 1775075887.6228619
470 198 1775075887.6253226
470 197 1775075887.629274
470 196 1775075887.6326232
470 195 1775075887.6353142
470 194 1775075887.6366377
471 194 1775075887.6389468
471 193 1775075887.641642
472 192 1775075887.6444612
472 191 1775075887.6476235
473 190 1775075887.6507318
474 189 1775075887.6533818
474 188 1775075887.6560202
475 187 1775075887.6581137
477 185 1775075887.660785
478 184 1775075887.6636264
479 184 1775075887.666298
481 181 1775075887.668937
482 180 1775075887.6712534
485 179 1775075887.6735256
486 178 1775075887.6763754
489 176 1775075887.67859
490 175 1775075887.6816196
492 172 1775075887.6844826
495 172 1775075887.6866567
496 171 1775075887.689404
497 170 1775075887.6920712
498 169 1775075887.6944034
501 168 1775075887.6975405
503 167 1775075887.6997545
505 166 1775075887.7024724
506 165 1775075887.7052908
507 164 1775075887.707458
509 164 1775075887.7100403
510 163 1775075887.7125773
511 162 1775075887.7147613
512 162 1775075887.7179356
513 161 1775075887.7214787
514 161 1775075887.7250328
515 161 1775075887.7285142
516 161 1775075887.7346249
517 161 1775075887.74462
518 161 1775075887.7545962
519 161 1775075887.7606692
520 161 1775075887.7667663
520 162 1775075887.7691748
521 162 1775075887.7708914
522 162 1775075887.776721
522 163 1775075887.7793286
523 163 1775075887.7826424
523 164 1775075887.785395
524 164 1775075887.790675
525 164 1775075887.8452294
525 165 1775075887.8497715
527 168 1775075887.8565671

STROKE 2
582 225 1775075888.1929858
582 224 1775075888.1978476
581 224 1775075888.2288814
580 224 1775075888.2489257
579 224 1775075888.2588818
578 223 1775075888.2623763
577 222 1775075888.2674778
576 221 1775075888.272581
574 219 1775075888.277941
572 218 1775075888.281838
570 217 1775075888.2850206
570 216 1775075888.288094
569 215 1775075888.2907453
568 214 1775075888.2936192
567 213 1775075888.2965856
566 213 1775075888.2990682
565 212 1775075888.3017733
563 211 1775075888.3041244
563 210 1775075888.3069093
562 210 1775075888.3100023
561 209 1775075888.3126333
561 208 1775075888.3156528
561 207 1775075888.3179553
560 207 1775075888.320823
560 206 1775075888.3237133
560 205 1775075888.3258235
560 204 1775075888.3298311
559 204 1775075888.3315964
559 202 1775075888.3344812
559 201 1775075888.3375115
558 201 1775075888.3396232
558 200 1775075888.3423467
558 198 1775075888.3449037
558 197 1775075888.347173
558 196 1775075888.34978
558 195 1775075888.3528259
558 194 1775075888.3544745
558 193 1775075888.3578298
560 190 1775075888.3641536
560 188 1775075888.3668156
561 187 1775075888.3699095
562 185 1775075888.3732104
563 185 1775075888.3758059
563 184 1775075888.378282
564 183 1775075888.3803673
565 180 1775075888.3831215
566 180 1775075888.3858595
566 179 1775075888.3879702
568 178 1775075888.3907263
568 177 1775075888.3933969
569 177 1775075888.3968568
569 176 1775075888.3997507
570 176 1775075888.4016714
571 175 1775075888.4052649
572 175 1775075888.4126723
572 174 1775075888.4166167
573 174 1775075888.4184563
574 174 1775075888.4233186
575 174 1775075888.4267068
576 174 1775075888.4306269
577 174 1775075888.4347053
577 173 1775075888.4374444
578 173 1775075888.438977
579 173 1775075888.4445972
580 173 1775075888.4486923
581 173 1775075888.4525964
582 173 1775075888.4566221
583 173 1775075888.4593956
584 173 1775075888.4609432
585 173 1775075888.4647129
586 173 1775075888.4685862
587 173 1775075888.4709013
588 174 1775075888.472711
589 174 1775075888.4766002
590 174 1775075888.4796262
591 176 1775075888.481078
592 176 1775075888.4850736
593 177 1775075888.4887826
594 177 1775075888.4924648
595 177 1775075888.4966984
595 178 1775075888.499649
596 178 1775075888.5012255
597 179 1775075888.5042164
597 180 1775075888.5075707
598 180 1775075888.508969
599 181 1775075888.5129976
600 182 1775075888.5185335
600 183 1775075888.521298
601 183 1775075888.5227876
601 184 1775075888.5255454
602 184 1775075888.5280516
602 185 1775075888.5308006
602 186 1775075888.533039
603 187 1775075888.5360909
604 188 1775075888.5386765
604 189 1775075888.5428813
604 190 1775075888.5450253
605 191 1775075888.547251
606 193 1775075888.550686
606 194 1775075888.5533786
607 196 1775075888.5565948
607 197 1775075888.5605257
607 198 1775075888.562797
607 199 1775075888.5656726
608 201 1775075888.5685544
608 202 1775075888.571483
608 204 1775075888.5741265
608 206 1775075888.5773296
608 207 1775075888.580993
609 208 1775075888.5826743
609 209 1775075888.5859997
609 210 1775075888.5885103
609 211 1775075888.5934775
609 212 1775075888.5949235
609 213 1775075888.5996265
609 214 1775075888.6087606
609 215 1775075888.616625
608 215 1775075888.6325705
607 215 1775075888.6587038
607 216 1775075888.66063

STROKE 3
608 199 1775075888.9996116
608 198 1775075889.0052085
607 197 1775075889.0133028
607 196 1775075889.0191674
607 195 1775075889.0228574
607 194 1775075889.0263624
606 194 1775075889.0306299
606 193 1775075889.0341024
606 191 1775075889.0376
605 191 1775075889.046665
605 190 1775075889.0497093
606 190 1775075889.0767376
606 189 1775075889.0847855
607 188 1775075889.0907536
608 188 1775075889.096743
609 187 1775075889.100978
610 186 1775075889.1048627
611 186 1775075889.1087263
612 186 1775075889.1108673
613 184 1775075889.1147368
615 184 1775075889.118201
617 181 1775075889.1220841
620 180 1775075889.1257994
623 179 1775075889.1292741
624 178 1775075889.1324077
626 177 1775075889.135883
628 176 1775075889.1390846
629 176 1775075889.142625
632 175 1775075889.1468718
633 175 1775075889.1499956
634 174 1775075889.1546228
635 174 1775075889.1583278
636 174 1775075889.1627486
637 174 1775075889.167324
638 174 1775075889.1706996
640 175 1775075889.1750462
641 176 1775075889.1786122
642 176 1775075889.182244
643 178 1775075889.1856341
644 179 1775075889.189502
646 180 1775075889.1931758
647 182 1775075889.1968498
649 184 1775075889.2007415
650 185 1775075889.2058113
650 186 1775075889.2079582
652 188 1775075889.2112772
652 190 1775075889.2151272
653 191 1775075889.218706
653 192 1775075889.2220583
654 192 1775075889.2256067
654 193 1775075889.2288032
654 194 1775075889.2347534
654 195 1775075889.2406368
654 196 1775075889.2486296
653 196 1775075889.2504404
653 197 1775075889.2550707
653 198 1775075889.2587152
652 198 1775075889.2606115
652 199 1775075889.2648983
652 200 1775075889.2686303
651 200 1775075889.2704537
651 201 1775075889.2734938
650 202 1775075889.2766654
650 203 1775075889.2797232
648 205 1775075889.2827642
647 206 1775075889.2870512
646 207 1775075889.2906458
645 208 1775075889.292457
645 209 1775075889.2966986
644 210 1775075889.29859
643 210 1775075889.3015914
642 211 1775075889.3047476
642 212 1775075889.3075714
642 213 1775075889.3125324
641 213 1775075889.3166068
641 214 1775075889.3205976
641 213 1775075889.368777
642 213 1775075889.3747704
643 213 1775075889.3829794
644 213 1775075889.3889718
645 213 1775075889.3969634
646 213 1775075889.4024663
647 213 1775075889.4059749

STROKE 4
684 159 1775075889.8321857
684 160 1775075889.859053
684 162 1775075889.862919
683 170 1775075889.8728442
683 175 1775075889.8799105
683 184 1775075889.8872235
684 194 1775075889.8959684
684 201 1775075889.9022815
686 209 1775075889.9098563
687 216 1775075889.9147449
687 219 1775075889.9192023
688 221 1775075889.923294
688 225 1775075889.9267304
688 226 1775075889.9298053
689 228 1775075889.9341364
689 230 1775075889.9374847
689 231 1775075889.940175
689 233 1775075889.9427469
690 234 1775075889.9463148
690 236 1775075889.948794
690 237 1775075889.9520586
690 238 1775075889.9555392
690 240 1775075889.9587822
690 241 1775075889.9620905
690 243 1775075889.9656334
690 245 1775075889.9696398
690 247 1775075889.9737656
690 249 1775075889.9776862
689 251 1775075889.981548
689 252 1775075889.9843037
688 255 1775075889.988407
688 256 1775075889.9909322
688 258 1775075889.995213
687 260 1775075889.9976993
686 262 1775075890.002074
684 263 1775075890.0044994
683 265 1775075890.009033
682 268 1775075890.0116968
681 269 1775075890.0162299
681 270 1775075890.01789
680 270 1775075890.0210643
680 271 1775075890.0238495
679 271 1775075890.0261626
679 272 1775075890.0302007
678 272 1775075890.0676553
677 272 1775075890.109848
676 272 1775075890.1159089
675 271 1775075890.1207001
674 271 1775075890.1271589
671 270 1775075890.135399
669 269 1775075890.143156
666 267 1775075890.1525545
664 265 1775075890.1581037
662 263 1775075890.1671133
660 262 1775075890.172692
658 260 1775075890.1780384
657 260 1775075890.183772
655 259 1775075890.18925
654 258 1775075890.1945553
653 258 1775075890.1996462
651 257 1775075890.2058992
650 256 1775075890.211818
649 255 1775075890.216639
647 254 1775075890.221676
647 253 1775075890.2256162
646 252 1775075890.2306082
644 251 1775075890.23531
644 250 1775075890.2389863
643 249 1775075890.2429929
642 247 1775075890.2464406
642 246 1775075890.2498653
642 245 1775075890.2530835
641 244 1775075890.2558904
641 243 1775075890.2590215
641 242 1775075890.261524
641 241 1775075890.2650137
640 240 1775075890.2680595
640 239 1775075890.2714775
640 238 1775075890.275614
640 237 1775075890.3257987
640 236 1775075890.3299716
640 235 1775075890.3348227
640 234 1775075890.3387787
640 232 1775075890.3443623
640 229 1775075890.3498533
640 227 1775075890.3551655
640 225 1775075890.3609576
640 224 1775075890.3657405
640 222 1775075890.3711956
641 221 1775075890.3764427
641 220 1775075890.3822734
642 220 1775075890.433802
642 219 1775075890.4457386
642 218 1775075890.4497933
642 217 1775075890.4529223
642 216 1775075890.457603
642 215 1775075890.4618263
643 213 1775075890.4662905
643 212 1775075890.471113
643 211 1775075890.475296
643 210 1775075890.479267
643 209 1775075890.483267
644 209 1775075890.491865
645 209 1775075890.503785
646 209 1775075890.5117257
646 210 1775075890.5144992
647 212 1775075890.5182989
647 213 1775075890.5225515
647 214 1775075890.5267482

STROKE 5
679 171 1775075890.9829726
680 171 1775075890.988978
680 169 1775075890.9945543
680 168 1775075891.0020137
681 167 1775075891.0079405
681 166 1775075891.0135183
682 165 1775075891.019882
682 164 1775075891.028612
682 163 1775075891.0326664
683 163 1775075891.0398614
683 162 1775075891.0442686
683 161 1775075891.0516074
684 161 1775075891.063612
685 161 1775075891.0816245
685 160 1775075891.0835226
686 160 1775075891.0899498
687 159 1775075891.095538
688 159 1775075891.0996656
689 159 1775075891.1014602
689 158 1775075891.10506
691 157 1775075891.1081657
692 157 1775075891.1113422
694 155 1775075891.114416
695 155 1775075891.1170187
698 152 1775075891.120985
700 151 1775075891.1238232
702 150 1775075891.1276803
703 149 1775075891.1302962
707 148 1775075891.1359563
708 148 1775075891.13932
709 147 1775075891.1424356
710 147 1775075891.145271
711 147 1775075891.1488497
712 147 1775075891.1537607
713 147 1775075891.1575305
714 147 1775075891.1608143
715 147 1775075891.1649826
717 147 1775075891.1702275
717 148 1775075891.1732347
720 150 1775075891.1781173
722 151 1775075891.1827483
724 154 1775075891.1864183
726 157 1775075891.1906433
728 159 1775075891.1944351
731 161 1775075891.198685
733 163 1775075891.2034822
734 164 1775075891.2070215
735 167 1775075891.212115
735 168 1775075891.2153723
736 169 1775075891.2185504
737 170 1775075891.221203
737 171 1775075891.2251067
737 172 1775075891.2277794
738 173 1775075891.2321165
738 174 1775075891.2358832
738 176 1775075891.241098
738 177 1775075891.2465997
738 179 1775075891.250018
738 180 1775075891.2533069
738 182 1775075891.2563858
738 183 1775075891.2600415
738 184 1775075891.2627673
737 186 1775075891.2666194
737 187 1775075891.2692752
736 189 1775075891.2731435
736 192 1775075891.2758427
735 194 1775075891.2795272
735 195 1775075891.2823126
734 195 1775075891.285494
734 197 1775075891.2855115
734 198 1775075891.2888038
733 201 1775075891.2916932
732 201 1775075891.294967
731 202 1775075891.2976148
731 203 1775075891.301359
730 204 1775075891.304051
729 205 1775075891.3079863
728 205 1775075891.315532
728 206 1775075891.3259003
727 206 1775075891.3335927
726 206 1775075891.3678765
725 206 1775075891.3757842
724 206 1775075891.381657
724 207 1775075891.385687
723 207 1775075891.3898783
723 208 1775075891.3936248
724 208 1775075891.4137301

STROKE 6
802 194 1775075891.7749608
802 193 1775075891.805792
803 193 1775075891.8125188
804 193 1775075891.8197353
804 192 1775075891.8238537
805 192 1775075891.83247
806 192 1775075891.8357863
807 192 1775075891.8411753
808 192 1775075891.8473153
810 192 1775075891.8519576
811 192 1775075891.8583703
812 192 1775075891.8618274
813 192 1775075891.8691382
814 192 1775075891.8777928
814 193 1775075891.8827064
815 193 1775075891.888026
815 194 1775075891.9205203
814 195 1775075891.9290814
814 196 1775075891.9332507
813 197 1775075891.9379776
813 198 1775075891.944055
812 198 1775075891.947087
811 199 1775075891.9511538
811 200 1775075891.9551973
810 200 1775075891.9594152
809 200 1775075891.9634404
808 200 1775075891.968292
808 201 1775075891.971961
807 201 1775075891.975614
806 201 1775075891.9787374
805 201 1775075891.9819646
804 201 1775075891.987631
803 201 1775075891.9895754
802 201 1775075891.9945474
801 201 1775075891.9997146
800 201 1775075892.0017176
799 201 1775075892.005908
798 200 1775075892.011731
797 200 1775075892.0142076
796 199 1775075892.0183277
795 199 1775075892.0219972
794 198 1775075892.023976
793 198 1775075892.026929
792 197 1775075892.0304565
792 196 1775075892.033386
790 195 1775075892.03714
789 194 1775075892.0398076
788 193 1775075892.0436974
787 192 1775075892.046459
786 192 1775075892.0504303
786 191 1775075892.0532985
784 189 1775075892.057082
783 188 1775075892.0600617
783 187 1775075892.0638866
782 186 1775075892.066928
781 185 1775075892.0711415
780 184 1775075892.0741386
780 183 1775075892.0780132
780 182 1775075892.0808988
780 181 1775075892.0846684
779 180 1775075892.0884185
779 179 1775075892.0936744
779 178 1775075892.0995274
779 177 1775075892.1038725
779 176 1775075892.11166
779 175 1775075892.1156797
779 174 1775075892.1177516
779 173 1775075892.1240199
780 172 1775075892.1275694
780 171 1775075892.1297026
781 170 1775075892.1356227
781 169 1775075892.1396797
782 169 1775075892.1416237
782 168 1775075892.1448777
783 166 1775075892.1485078
784 166 1775075892.1516454
786 164 1775075892.1556346
786 163 1775075892.159093
788 162 1775075892.1626074
789 160 1775075892.1658483
790 159 1775075892.1695836
791 159 1775075892.1729155
792 158 1775075892.1765707
793 157 1775075892.180237
794 157 1775075892.1836736
794 156 1775075892.1885848
795 156 1775075892.1918242
796 155 1775075892.196069
797 155 1775075892.2006469
798 154 1775075892.2055407
799 154 1775075892.209705
800 154 1775075892.2144077
801 154 1775075892.2194831
801 153 1775075892.2221894
802 153 1775075892.2263787
803 153 1775075892.231435
804 153 1775075892.2357333
805 153 1775075892.2436469
805 152 1775075892.2497144
806 152 1775075892.253654
807 152 1775075892.2697492
808 152 1775075892.2896967
809 152 1775075892.2997444
809 151 1775075892.3055863
810 151 1775075892.319596
810 152 1775075892.3640554
810 153 1775075892.3679578
811 155 1775075892.377666

STROKE 7
806 151 1775075892.7170668
805 151 1775075892.7719247
804 151 1775075892.7780437
803 151 1775075892.7839496
802 151 1775075892.7880714
801 151 1775075892.7937396
800 151 1775075892.7988958
798 151 1775075892.804356
797 150 1775075892.8096256
795 149 1775075892.8155937
793 149 1775075892.8212652
790 147 1775075892.8259072
788 146 1775075892.830229
786 145 1775075892.8346825
784 144 1775075892.838325
781 142 1775075892.8423665
780 141 1775075892.8453553
778 138 1775075892.849132
775 136 1775075892.8521886
773 134 1775075892.8559425
772 133 1775075892.858958
769 129 1775075892.862723
768 128 1775075892.8658512
767 124 1775075892.869835
766 123 1775075892.8727806
765 121 1775075892.876579
764 119 1775075892.8799233
764 117 1775075892.8837147
764 116 1775075892.8868167
764 114 1775075892.890585
764 113 1775075892.893641
764 111 1775075892.8973942
765 108 1775075892.9005582
766 107 1775075892.9043875
767 105 1775075892.9074578
769 102 1775075892.9120164
770 101 1775075892.916682
771 100 1775075892.9193435
774 97 1775075892.9226499
775 95 1775075892.9262152
777 94 1775075892.9293723
779 92 1775075892.932862
781 90 1775075892.9361508
782 90 1775075892.9396682
783 89 1775075892.9429145
785 88 1775075892.946521
788 87 1775075892.949934
789 87 1775075892.9535723
790 87 1775075892.9565027
792 86 1775075892.9602246
793 86 1775075892.963602
794 86 1775075892.967347
796 85 1775075892.9705095
798 85 1775075892.9743476
800 85 1775075892.97755
801 85 1775075892.9813464
802 85 1775075892.9845045
804 85 1775075892.9883072
805 85 1775075892.9915392
806 85 1775075892.9915633
807 86 1775075892.9952812
809 86 1775075892.9985752
810 87 1775075893.0022705
811 87 1775075893.0075116
812 87 1775075893.0107167
813 87 1775075893.0145004
814 88 1775075893.0177548
815 88 1775075893.021609
816 88 1775075893.0298464
816 89 1775075893.0319648
817 89 1775075893.0397224
817 90 1775075893.0436437
818 91 1775075893.047828
818 92 1775075893.0516374
819 92 1775075893.0539427
819 94 1775075893.058834

STROKE 8
831 154 1775075893.4697983
832 154 1775075893.4778793
833 154 1775075893.4958766
834 154 1775075893.5138547
835 155 1775075893.5180094
836 155 1775075893.5233955
836 156 1775075893.5291157
837 156 1775075893.5342166
836 156 1775075893.5880008
835 156 1775075893.595883
834 156 1775075893.6018121
833 156 1775075893.6098459
832 156 1775075893.6137536
831 155 1775075893.6190727
830 155 1775075893.6278622
830 154 1775075893.7124658
831 154 1775075893.755817
831 155 1775075893.7618515
832 155 1775075893.765843
833 156 1775075893.7711747
833 157 1775075893.7789323
833 158 1775075893.7852178
834 159 1775075893.7896829
835 159 1775075893.7954605
835 160 1775075893.8006513
835 161 1775075893.805885
835 162 1775075893.8137894
835 163 1775075893.8188398
835 164 1775075893.8237298

STROKE 9
833 188 1775075894.1357467
833 187 1775075894.1398423
832 186 1775075894.1450107
832 185 1775075894.1619046
833 185 1775075894.1859603
834 185 1775075894.1958318
835 185 1775075894.2000537
836 187 1775075894.205811
837 188 1775075894.2118082
838 188 1775075894.217541
839 189 1775075894.2229965
840 190 1775075894.2275746
841 190 1775075894.2324023
841 191 1775075894.2361722
840 191 1775075894.2939186
839 191 1775075894.30779
838 191 1775075894.3178391
837 191 1775075894.3278377
836 191 1775075894.341813

