STROKE 1
180 286 1775150140.004000
180 286 1775150140.065000
180 285 1775150140.073000
181 284 1775150140.080000
181 283 1775150140.098000
182 282 1775150140.105000
183 282 1775150140.112000
184 282 1775150140.119000
185 282 1775150140.126000
186 282 1775150140.133000
187 282 1775150140.140000
187 282 1775150140.145000
188 282 1775150140.153000
189 281 1775150140.160000
191 281 1775150140.174000
192 281 1775150140.180000
194 282 1775150140.194000
195 282 1775150140.201000
197 283 1775150140.215000
197 284 1775150140.222000
198 285 1775150140.236000
199 285 1775150140.243000
199 286 1775150140.261000
199 287 1775150140.277000
200 287 1775150140.284000
200 288 1775150140.291000
200 289 1775150140.303000
199 289 1775150140.309000
199 290 1775150140.325000
199 291 1775150140.334000
198 292 1775150140.341000
198 293 1775150140.348000
197 294 1775150140.355000
196 295 1775150140.362000
195 296 1775150140.369000
194 297 1775150140.375000
193 298 1775150140.382000
192 298 1775150140.389000
191 299 1775150140.396000
190 300 1775150140.403000
189 301 1775150140.410000
188 301 1775150140.417000
187 301 1775150140.424000
187 301 1775150140.431000
185 302 1775150140.438000
185 302 1775150140.445000
184 302 1775150140.452000
183 302 1775150140.459000
182 301 1775150140.472000
182 301 1775150140.478000
181 300 1775150140.493000
180 299 1775150140.501000
178 297 1775150140.514000
177 296 1775150140.521000
175 293 1775150140.535000
174 291 1775150140.542000
173 288 1775150140.556000
173 286 1775150140.563000
173 284 1775150140.577000
173 282 1775150140.583000
173 280 1775150140.591000
173 279 1775150140.598000
173 278 1775150140.605000
174 276 1775150140.612000
175 274 1775150140.619000
176 272 1775150140.626000
177 270 1775150140.633000
179 268 1775150140.640000
180 266 1775150140.647000
182 264 1775150140.654000
183 263 1775150140.660000
184 262 1775150140.667000
185 261 1775150140.674000
186 260 1775150140.681000
187 259 1775150140.688000
188 258 1775150140.695000
189 258 1775150140.702000
190 257 1775150140.709000
192 256 1775150140.716000
194 255 1775150140.723000
196 254 1775150140.730000
198 252 1775150140.737000
200 252 1775150140.743000
203 251 1775150140.750000
205 250 1775150140.757000
207 250 1775150140.764000
208 250 1775150140.771000
210 250 1775150140.778000
211 250 1775150140.785000
212 251 1775150140.792000
214 252 1775150140.799000
216 254 1775150140.806000
217 256 1775150140.813000
219 259 1775150140.820000
220 262 1775150140.827000
221 265 1775150140.834000
223 269 1775150140.841000
224 273 1775150140.848000
225 278 1775150140.855000
227 283 1775150140.862000
227 288 1775150140.869000
228 294 1775150140.882000
229 301 1775150140.889000
231 313 1775150140.903000
232 319 1775150140.910000
233 330 1775150140.924000
234 337 1775150140.931000
236 352 1775150140.944000
236 358 1775150140.952000
238 370 1775150140.965000
239 375 1775150140.972000
240 382 1775150140.986000
240 384 1775150140.993000
241 387 1775150141.007000
242 388 1775150141.014000
242 389 1775150141.028000
242 389 1775150141.035000
242 389 1775150141.160000
243 388 1775150141.167000
244 387 1775150141.174000
245 386 1775150141.182000
247 385 1775150141.190000
249 385 1775150141.197000
252 384 1775150141.204000
255 383 1775150141.211000
258 383 1775150141.218000
261 382 1775150141.225000
264 382 1775150141.232000
266 382 1775150141.237000
268 382 1775150141.245000
271 382 1775150141.266000
272 382 1775150141.272000
272 382 1775150141.287000
273 382 1775150141.293000
274 382 1775150141.308000
274 382 1775150141.314000
275 382 1775150141.322000
276 382 1775150141.328000
276 382 1775150141.335000
277 381 1775150141.357000

STROKE 2
270 252 1775150142.151000
270 251 1775150142.200000
270 251 1775150142.249000
272 250 1775150142.266000
273 250 1775150142.273000
275 249 1775150142.280000
277 248 1775150142.287000
280 248 1775150142.294000
283 247 1775150142.300000
286 247 1775150142.306000
288 247 1775150142.313000
291 247 1775150142.320000
294 247 1775150142.326000
297 247 1775150142.334000
299 247 1775150142.341000
304 249 1775150142.355000
306 250 1775150142.362000
310 252 1775150142.376000
312 253 1775150142.383000
315 257 1775150142.397000
316 259 1775150142.404000
318 264 1775150142.418000
318 266 1775150142.425000
319 271 1775150142.439000
319 273 1775150142.445000
319 277 1775150142.459000
319 278 1775150142.466000
319 281 1775150142.480000
319 281 1775150142.487000
318 282 1775150142.495000
318 283 1775150142.502000
318 284 1775150142.509000
317 284 1775150142.516000
317 285 1775150142.523000
316 286 1775150142.530000
316 286 1775150142.543000
315 287 1775150142.550000
314 288 1775150142.564000
313 288 1775150142.571000
312 289 1775150142.578000
311 289 1775150142.585000
309 290 1775150142.592000
308 290 1775150142.599000
306 291 1775150142.606000
304 291 1775150142.613000
302 292 1775150142.620000
300 292 1775150142.627000
298 292 1775150142.634000
297 293 1775150142.641000
295 293 1775150142.648000
294 293 1775150142.654000
292 293 1775150142.661000
291 293 1775150142.668000
289 293 1775150142.675000
287 293 1775150142.682000
286 293 1775150142.689000
284 293 1775150142.696000
283 293 1775150142.703000
281 293 1775150142.710000
280 293 1775150142.717000
278 293 1775150142.724000
277 293 1775150142.731000
276 292 1775150142.738000
276 292 1775150142.745000
275 292 1775150142.752000
274 291 1775150142.759000
273 291 1775150142.779000
273 291 1775150142.786000
272 290 1775150142.809000
271 290 1775150142.844000
271 290 1775150142.893000
272 290 1775150143.013000
273 292 1775150143.019000
274 293 1775150143.026000
275 296 1775150143.032000
276 298 1775150143.039000
277 301 1775150143.046000
278 305 1775150143.053000
279 309 1775150143.060000
280 313 1775150143.067000
281 317 1775150143.074000
281 321 1775150143.081000
282 325 1775150143.088000
283 328 1775150143.095000
283 331 1775150143.102000
283 334 1775150143.109000
283 336 1775150143.121000
283 338 1775150143.128000
283 339 1775150143.136000
283 340 1775150143.143000
283 340 1775150143.150000
283 341 1775150143.157000
283 341 1775150143.307000
284 341 1775150143.345000
284 342 1775150143.366000
285 342 1775150143.373000
286 343 1775150143.380000
288 344 1775150143.387000
290 345 1775150143.394000
293 346 1775150143.401000
297 348 1775150143.408000
302 349 1775150143.415000
308 350 1775150143.422000
314 352 1775150143.429000
321 352 1775150143.436000
329 353 1775150143.442000
337 354 1775150143.449000
344 354 1775150143.456000
351 354 1775150143.463000
358 354 1775150143.470000
365 354 1775150143.477000
370 355 1775150143.484000
374 355 1775150143.491000
378 355 1775150143.498000
381 355 1775150143.505000
383 355 1775150143.512000
385 355 1775150143.519000
386 355 1775150143.526000
386 355 1775150143.533000
387 355 1775150143.540000

STROKE 3
351 253 1775150144.035000
351 253 1775150144.161000
352 252 1775150144.166000
353 252 1775150144.173000
354 252 1775150144.180000
355 252 1775150144.187000
356 251 1775150144.194000
358 251 1775150144.201000
360 252 1775150144.208000
361 252 1775150144.215000
363 254 1775150144.222000
364 255 1775150144.229000
366 256 1775150144.236000
368 258 1775150144.243000
370 260 1775150144.250000
372 262 1775150144.257000
374 264 1775150144.264000
375 266 1775150144.271000
377 268 1775150144.278000
378 270 1775150144.285000
379 272 1775150144.292000
379 273 1775150144.299000
379 274 1775150144.306000
379 275 1775150144.313000
379 276 1775150144.320000
379 277 1775150144.327000
379 277 1775150144.334000
379 278 1775150144.341000
379 279 1775150144.348000
379 279 1775150144.355000
379 279 1775150144.362000
379 280 1775150144.369000
379 280 1775150144.376000
378 281 1775150144.391000
378 281 1775150144.398000
377 282 1775150144.405000
376 283 1775150144.418000
375 283 1775150144.425000
374 283 1775150144.432000
373 284 1775150144.439000
372 284 1775150144.446000
371 285 1775150144.453000
370 285 1775150144.460000
369 286 1775150144.468000
367 287 1775150144.475000
366 288 1775150144.482000
364 289 1775150144.489000
362 289 1775150144.496000
360 290 1775150144.503000
358 291 1775150144.510000
356 292 1775150144.516000
354 292 1775150144.530000
349 293 1775150144.539000
346 294 1775150144.546000
344 294 1775150144.553000
342 294 1775150144.560000
340 294 1775150144.567000
337 294 1775150144.574000
335 294 1775150144.581000
333 294 1775150144.588000
331 294 1775150144.595000
330 294 1775150144.602000
328 294 1775150144.609000
327 294 1775150144.616000
326 293 1775150144.623000
324 293 1775150144.630000
323 293 1775150144.637000
322 292 1775150144.644000
321 292 1775150144.651000
320 291 1775150144.657000
320 291 1775150144.664000
319 291 1775150144.671000
318 290 1775150144.678000
318 290 1775150144.685000
318 290 1775150144.692000
317 290 1775150144.699000
317 289 1775150144.720000
317 289 1775150144.769000
316 289 1775150144.789000

STROKE 4
357 253 1775150145.448000
357 253 1775150145.468000
356 253 1775150145.490000
355 252 1775150145.496000
354 251 1775150145.503000
353 251 1775150145.510000
352 250 1775150145.517000
351 249 1775150145.524000
350 249 1775150145.531000
348 248 1775150145.538000
346 247 1775150145.545000
344 245 1775150145.552000
343 244 1775150145.559000
342 242 1775150145.570000
340 240 1775150145.577000
338 234 1775150145.591000
338 231 1775150145.597000
338 226 1775150145.611000
338 222 1775150145.618000
339 216 1775150145.632000
340 213 1775150145.639000
342 208 1775150145.653000
342 206 1775150145.660000
344 202 1775150145.674000
346 200 1775150145.681000
348 197 1775150145.695000
350 196 1775150145.702000
352 194 1775150145.716000
354 193 1775150145.723000
358 192 1775150145.737000
361 192 1775150145.743000
368 192 1775150145.755000
371 193 1775150145.765000
375 194 1775150145.772000
377 195 1775150145.779000
380 196 1775150145.786000
382 197 1775150145.792000
384 198 1775150145.799000
386 199 1775150145.806000
387 200 1775150145.813000
388 201 1775150145.820000
389 202 1775150145.827000
390 203 1775150145.834000
391 203 1775150145.841000
391 204 1775150145.848000
391 204 1775150145.855000

