STROKE 1
129 242 1775153169.043000
128 242 1775153169.182000
126 240 1775153169.199000
121 235 1775153169.215000
116 229 1775153169.232000
110 221 1775153169.248000
108 217 1775153169.265000
108 212 1775153169.281000
110 205 1775153169.298000
116 196 1775153169.315000
121 190 1775153169.331000
125 188 1775153169.348000
129 186 1775153169.364000
133 185 1775153169.381000
137 185 1775153169.398000
140 186 1775153169.414000
145 188 1775153169.431000
151 192 1775153169.448000
156 198 1775153169.464000
157 202 1775153169.481000
158 204 1775153169.498000
159 206 1775153169.514000
159 209 1775153169.531000
159 210 1775153169.547000
159 212 1775153169.564000
159 214 1775153169.581000
159 215 1775153169.597000
159 217 1775153169.614000
159 218 1775153169.631000
159 220 1775153169.647000
159 221 1775153169.664000
159 222 1775153169.680000
159 222 1775153169.697000
159 223 1775153169.714000
159 224 1775153169.730000
159 224 1775153169.747000
159 223 1775153169.813000
159 219 1775153169.830000
159 213 1775153169.847000
161 205 1775153169.863000
164 199 1775153169.880000
169 192 1775153169.897000
173 189 1775153169.913000
178 187 1775153169.930000
183 186 1775153169.946000
187 186 1775153169.963000
194 189 1775153169.980000
199 192 1775153169.996000
202 195 1775153170.013000
204 200 1775153170.030000
206 206 1775153170.046000
206 212 1775153170.063000
206 217 1775153170.080000
205 223 1775153170.096000
204 228 1775153170.113000
201 233 1775153170.129000
198 236 1775153170.146000
196 238 1775153170.163000
194 238 1775153170.179000
193 239 1775153170.196000
192 239 1775153170.212000

STROKE 2
192 238 1775153170.622000
192 238 1775153170.761000
192 241 1775153170.778000
193 247 1775153170.795000
193 257 1775153170.811000
194 267 1775153170.828000
194 277 1775153170.845000
194 282 1775153170.861000
194 285 1775153170.878000
194 286 1775153170.894000
194 288 1775153170.912000
194 288 1775153170.928000
194 289 1775153170.944000
194 289 1775153170.961000
194 290 1775153170.977000
194 290 1775153170.994000
193 291 1775153171.011000
190 291 1775153171.027000
181 291 1775153171.044000
159 291 1775153171.061000
143 291 1775153171.077000
130 290 1775153171.094000
121 290 1775153171.110000
116 290 1775153171.127000
112 290 1775153171.144000
110 290 1775153171.160000
109 290 1775153171.177000
108 290 1775153171.194000
106 290 1775153171.210000
106 290 1775153171.227000
105 290 1775153171.243000
105 290 1775153171.260000
104 289 1775153171.277000
103 286 1775153171.294000
102 278 1775153171.310000
100 260 1775153171.326000
99 240 1775153171.343000
95 216 1775153171.360000
92 202 1775153171.376000
89 192 1775153171.393000
86 182 1775153171.410000
84 173 1775153171.427000
83 168 1775153171.443000
82 166 1775153171.460000
82 164 1775153171.476000
82 163 1775153171.493000
82 162 1775153171.509000
82 161 1775153171.526000
82 160 1775153171.543000
82 160 1775153171.559000
82 159 1775153171.576000
82 158 1775153171.593000
82 158 1775153171.609000
83 156 1775153171.626000
86 154 1775153171.643000
93 148 1775153171.659000
104 142 1775153171.676000
119 137 1775153171.692000
136 134 1775153171.709000
158 132 1775153171.726000
171 131 1775153171.742000
180 130 1775153171.759000
185 130 1775153171.775000
188 130 1775153171.793000
190 130 1775153171.809000
191 130 1775153171.825000
191 130 1775153171.835000

STROKE 3
179 193 1775153172.185000
179 192 1775153172.274000
178 192 1775153172.291000
177 189 1775153172.308000
172 182 1775153172.324000
168 174 1775153172.343000
164 166 1775153172.357000
163 159 1775153172.374000
163 150 1775153172.391000
166 142 1775153172.407000
170 135 1775153172.424000
174 131 1775153172.440000
180 127 1775153172.458000
185 126 1775153172.474000
191 126 1775153172.490000
199 129 1775153172.507000
208 135 1775153172.524000
215 145 1775153172.540000
218 152 1775153172.557000
219 158 1775153172.573000
218 165 1775153172.590000
214 174 1775153172.607000
209 180 1775153172.623000
202 184 1775153172.640000
196 186 1775153172.657000
191 187 1775153172.673000
186 188 1775153172.690000
183 188 1775153172.707000

STROKE 4
223 198 1775153173.158000
223 203 1775153173.289000
222 217 1775153173.305000
220 238 1775153173.322000
216 265 1775153173.339000
214 278 1775153173.355000
213 286 1775153173.372000
212 290 1775153173.388000
212 292 1775153173.405000
212 294 1775153173.422000
212 295 1775153173.438000
212 295 1775153173.455000
214 296 1775153173.471000
221 298 1775153173.488000
228 299 1775153173.505000
234 299 1775153173.521000
239 299 1775153173.538000
241 299 1775153173.555000
243 299 1775153173.566000

STROKE 5
252 257 1775153173.945000
252 256 1775153174.087000
251 254 1775153174.103000
249 247 1775153174.120000
247 238 1775153174.136000
246 226 1775153174.153000
246 220 1775153174.170000
248 214 1775153174.186000
252 209 1775153174.203000
258 205 1775153174.220000
263 203 1775153174.236000
266 202 1775153174.253000
270 201 1775153174.269000
272 201 1775153174.286000
276 201 1775153174.303000
279 203 1775153174.319000
282 205 1775153174.336000
285 208 1775153174.352000
287 213 1775153174.369000
288 217 1775153174.386000
289 221 1775153174.402000
289 224 1775153174.419000
289 227 1775153174.436000
289 231 1775153174.452000
289 233 1775153174.469000
289 235 1775153174.485000
288 237 1775153174.502000
288 238 1775153174.519000
288 240 1775153174.536000
288 240 1775153174.552000
288 240 1775153174.569000
288 240 1775153174.596000
288 239 1775153174.602000
288 236 1775153174.619000
289 229 1775153174.635000
291 221 1775153174.652000
294 213 1775153174.668000
296 209 1775153174.685000
300 207 1775153174.702000
304 205 1775153174.718000
309 204 1775153174.735000
313 205 1775153174.752000
317 205 1775153174.768000
324 209 1775153174.787000
328 212 1775153174.802000
333 220 1775153174.819000
334 226 1775153174.835000
335 232 1775153174.852000
334 238 1775153174.868000
331 245 1775153174.885000
329 249 1775153174.902000
326 252 1775153174.918000
324 253 1775153174.935000
321 255 1775153174.952000
321 255 1775153174.963000

STROKE 6
311 198 1775153175.337000
309 198 1775153175.500000
305 196 1775153175.516000
298 193 1775153175.533000
288 181 1775153175.550000
285 172 1775153175.566000
285 163 1775153175.583000
287 156 1775153175.600000
291 150 1775153175.617000
295 147 1775153175.633000
300 147 1775153175.649000
310 149 1775153175.666000
322 153 1775153175.683000
329 157 1775153175.695000

