STROKE 1
140 171 1774905700.0692155
140 170 1774905700.0892599
140 169 1774905700.096104
140 168 1774905700.117113
140 167 1774905700.124102
141 167 1774905700.1381116
141 166 1774905700.145086
142 165 1774905700.159162
143 165 1774905700.1661046
144 165 1774905700.1731093
145 165 1774905700.1801066
147 165 1774905700.1870995
149 164 1774905700.1941102
152 164 1774905700.2010624
155 165 1774905700.2080805
159 165 1774905700.2150803
162 166 1774905700.222035
165 167 1774905700.229069
168 168 1774905700.236146
170 169 1774905700.2430725
172 170 1774905700.2501175
175 172 1774905700.257063
177 173 1774905700.2640228
179 175 1774905700.271042
180 177 1774905700.2780402
181 179 1774905700.285019
182 181 1774905700.2920842
183 182 1774905700.299051
184 184 1774905700.3060565
185 186 1774905700.3129654
185 187 1774905700.3206174
185 188 1774905700.3275065
185 189 1774905700.3345454
185 190 1774905700.341502
185 191 1774905700.3484845
185 192 1774905700.3551247
185 193 1774905700.3621452
185 195 1774905700.369148
185 196 1774905700.375941
185 197 1774905700.3830128
185 198 1774905700.3901005
184 200 1774905700.3969595
184 201 1774905700.4039626
183 202 1774905700.4109538
183 203 1774905700.4178824
182 205 1774905700.4248936
181 206 1774905700.4318187
180 207 1774905700.4389558
178 208 1774905700.4459243
176 210 1774905700.4529123
174 211 1774905700.4598978
171 212 1774905700.4668906
169 213 1774905700.4738953
165 214 1774905700.4810061
162 215 1774905700.48797
158 217 1774905700.4949086
155 217 1774905700.5019767
151 218 1774905700.5089235
148 218 1774905700.5159688
145 218 1774905700.5230153
142 218 1774905700.5299802
138 218 1774905700.5369399
135 218 1774905700.5438695
132 218 1774905700.550975
130 218 1774905700.5579042
128 217 1774905700.5650203
126 217 1774905700.571977
125 217 1774905700.578939
124 216 1774905700.5928304
123 216 1774905700.6068347
123 215 1774905700.613861

STROKE 2
185 182 1774905701.6088362
186 181 1774905701.6777933
186 180 1774905701.7056873
187 180 1774905701.7197366
189 178 1774905701.7278059
191 177 1774905701.735241
194 176 1774905701.742094
197 175 1774905701.7492266
199 173 1774905701.7551072
203 171 1774905701.7630796
207 170 1774905701.7701843
210 168 1774905701.7771704
214 167 1774905701.7841272
218 165 1774905701.7910194
221 164 1774905701.7979321
225 163 1774905701.8049314
229 162 1774905701.811885
232 162 1774905701.8188453
236 162 1774905701.8252246
239 162 1774905701.8326523
242 162 1774905701.8395245
246 163 1774905701.8465168
248 163 1774905701.8534815
250 164 1774905701.8603694
253 165 1774905701.8673213
255 166 1774905701.8743958
256 167 1774905701.88126
257 168 1774905701.8882682
259 169 1774905701.895266
260 170 1774905701.9022558
260 171 1774905701.909229
260 172 1774905701.916183
260 173 1774905701.9230802
260 174 1774905701.930275
260 175 1774905701.9372215
260 176 1774905701.9441483
260 177 1774905701.9513907
260 178 1774905701.9583566
260 180 1774905701.9653704
259 181 1774905701.9722335
259 182 1774905701.9791763
258 183 1774905701.9862409
258 184 1774905701.993038
257 185 1774905701.9997952
257 186 1774905702.0067914
256 187 1774905702.013748
256 188 1774905702.0208054
255 189 1774905702.0277715
255 191 1774905702.0347297
254 192 1774905702.0417445
253 193 1774905702.0487063
253 194 1774905702.0557008
252 195 1774905702.0627458
251 197 1774905702.069721
251 198 1774905702.0767317
250 199 1774905702.0837402
249 201 1774905702.0907469
248 202 1774905702.0977027
246 204 1774905702.1047726
245 205 1774905702.1117036
244 206 1774905702.1187212
243 207 1774905702.125718
242 207 1774905702.1327212
241 208 1774905702.1396203
240 208 1774905702.1678026
239 208 1774905702.175109
238 208 1774905702.217315

STROKE 3
298 159 1774905703.2118924
297 160 1774905703.26688
296 161 1774905703.2738872
296 163 1774905703.2810273
295 165 1774905703.287916
295 167 1774905703.29496
294 169 1774905703.3019354
294 171 1774905703.3090692
293 173 1774905703.3160493
293 175 1774905703.322938
293 177 1774905703.329983
293 179 1774905703.3366058
293 181 1774905703.343425
293 183 1774905703.3503995
293 184 1774905703.3573644
293 185 1774905703.3643653
293 187 1774905703.3714156
293 188 1774905703.378338
293 189 1774905703.3853252
293 190 1774905703.3922307
293 191 1774905703.3993862
293 192 1774905703.4063675
293 193 1774905703.4133174
293 195 1774905703.4205058
294 196 1774905703.4275715
294 197 1774905703.4345777
294 198 1774905703.441517
295 199 1774905703.4485333
295 200 1774905703.4555104
296 201 1774905703.4625187
297 202 1774905703.4695404
297 203 1774905703.4765184
298 204 1774905703.4835434
299 205 1774905703.490393
300 207 1774905703.4971778
302 208 1774905703.5041385
303 209 1774905703.5111518
305 210 1774905703.5181744
307 211 1774905703.5250382
308 212 1774905703.5321653
310 212 1774905703.5391352
312 212 1774905703.5461369
314 212 1774905703.5530221
315 212 1774905703.560036
317 212 1774905703.567043
318 212 1774905703.5740473
319 212 1774905703.5810273
320 212 1774905703.588047
321 211 1774905703.602037
322 210 1774905703.6160433
323 209 1774905703.6370325
324 209 1774905703.6440263
324 208 1774905703.6580799
325 207 1774905703.6650474
326 206 1774905703.6790013
326 205 1774905703.6859791
327 203 1774905703.6930232
328 201 1774905703.7000742
328 199 1774905703.70704
329 196 1774905703.7140505
330 193 1774905703.7210507
331 190 1774905703.7280607
332 186 1774905703.7350159
333 184 1774905703.7420845
334 181 1774905703.7490137
335 179 1774905703.755982
336 176 1774905703.763021
336 174 1774905703.7700293
336 173 1774905703.7770107
336 171 1774905703.7840025
336 170 1774905703.7910497
336 168 1774905703.7979956
336 167 1774905703.8049786
336 166 1774905703.8120537
336 165 1774905703.8189764
336 164 1774905703.8259776
335 164 1774905703.833021
335 163 1774905703.840017
335 162 1774905703.8470542
334 161 1774905703.8542037
333 160 1774905703.8750396
333 159 1774905703.8890522
332 159 1774905703.896334
332 158 1774905703.9240952
332 159 1774905704.0501435
332 160 1774905704.057027
331 161 1774905704.064067
331 162 1774905704.0710278
331 163 1774905704.0780761
331 165 1774905704.0849483
331 166 1774905704.092053
331 168 1774905704.099019
331 170 1774905704.1059742
332 171 1774905704.1129994
332 173 1774905704.1200073
333 175 1774905704.127011
333 177 1774905704.1339834
334 179 1774905704.141064
335 182 1774905704.1480422
335 184 1774905704.15503
336 186 1774905704.1620748
336 188 1774905704.169033
337 190 1774905704.1760924
338 192 1774905704.1831067
338 194 1774905704.1908002
339 195 1774905704.1972632
339 197 1774905704.2041833
340 198 1774905704.2111337
340 200 1774905704.2201881
341 201 1774905704.2268414
341 203 1774905704.232272
342 204 1774905704.2401438
343 205 1774905704.2487833
344 206 1774905704.2603688
345 207 1774905704.2739675
346 208 1774905704.281148
347 208 1774905704.2880042
348 209 1774905704.295023
349 209 1774905704.302064
350 209 1774905704.3090189
351 210 1774905704.316011
353 210 1774905704.3231103
354 211 1774905704.3300722
356 211 1774905704.3375201
358 211 1774905704.344419
361 211 1774905704.3512785
363 211 1774905704.3582153
365 211 1774905704.365294
367 210 1774905704.3721378
369 210 1774905704.379077
370 210 1774905704.3861666
372 209 1774905704.3931406
373 209 1774905704.399988
373 208 1774905704.4071019
374 207 1774905704.4139717
375 207 1774905704.4209812
376 206 1774905704.4279323
376 205 1774905704.4349835
377 204 1774905704.4419494
378 202 1774905704.448903
379 200 1774905704.4560037
381 197 1774905704.4629405
383 194 1774905704.4699256
386 191 1774905704.476905
388 187 1774905704.4839466
390 184 1774905704.490938
392 180 1774905704.4980252
394 178 1774905704.5049894
395 175 1774905704.5120018
397 172 1774905704.5189352
398 170 1774905704.5259285
399 168 1774905704.5329607
399 167 1774905704.539945
399 165 1774905704.5469322
399 164 1774905704.5539472
400 162 1774905704.5609777
400 161 1774905704.5679107
399 160 1774905704.5749164
399 159 1774905704.5819256
398 158 1774905704.5889428
398 157 1774905704.5959625
397 156 1774905704.6029792
397 155 1774905704.6099927
396 154 1774905704.6169224
395 154 1774905704.6239922
394 153 1774905704.6309733
393 152 1774905704.6379352
392 152 1774905704.6449742
390 152 1774905704.6519551
388 152 1774905704.665854
387 152 1774905704.672887
386 152 1774905704.6799703
385 151 1774905704.6869028
384 151 1774905704.6939003
383 151 1774905704.7009196
382 152 1774905704.7148898
381 152 1774905704.7218995
380 152 1774905704.7289395
379 153 1774905704.742893
378 154 1774905704.7569451
377 155 1774905704.7778955
376 155 1774905704.8206542

STROKE 4
383 147 1774905705.6327186
382 148 1774905705.6389203
381 148 1774905705.645851
379 149 1774905705.6737843
378 149 1774905705.6808763
376 149 1774905705.6878636
374 148 1774905705.6948643
372 147 1774905705.701858
370 146 1774905705.709124
368 144 1774905705.7168958
366 141 1774905705.7233202
365 139 1774905705.7308362
364 137 1774905705.7379646
363 134 1774905705.7445388
362 131 1774905705.7538288
361 128 1774905705.758065
361 125 1774905705.7647479
361 122 1774905705.7718098
361 119 1774905705.7787645
362 116 1774905705.78585
363 114 1774905705.7928722
364 111 1774905705.7997127
365 108 1774905705.8067265
366 106 1774905705.8137608
366 103 1774905705.8207269
367 101 1774905705.8277612
368 99 1774905705.834758
369 98 1774905705.8417678
371 96 1774905705.848698
372 95 1774905705.8556983
373 95 1774905705.8626986
374 94 1774905705.8697593
375 93 1774905705.8767354
376 93 1774905705.8837094
378 93 1774905705.8907464
381 93 1774905705.8976924
383 93 1774905705.90466
386 93 1774905705.9116569
388 93 1774905705.918667
391 93 1774905705.9257002
394 92 1774905705.9326909
396 92 1774905705.9396732
399 92 1774905705.9466698
401 93 1774905705.9537888
404 93 1774905705.9607809
407 94 1774905705.967786
412 96 1774905705.9886973
414 98 1774905705.995671
415 99 1774905706.0027118
416 100 1774905706.0096796
417 101 1774905706.016633
417 102 1774905706.0235717
417 103 1774905706.030658
417 104 1774905706.0376773

