STROKE 1
228 197 1775072515.1060052
228 196 1775072515.1111205
228 195 1775072515.1163545
228 194 1775072515.125104
227 194 1775072515.1388953
227 193 1775072515.155892
227 192 1775072515.1679375
227 191 1775072515.1820269
228 191 1775072515.186769
229 191 1775072515.2039285
229 190 1775072515.205633
230 190 1775072515.2150626
230 189 1775072515.2170079
231 189 1775072515.2207673
232 189 1775072515.2254553
233 188 1775072515.22978
234 188 1775072515.2343705
235 188 1775072515.2393234
236 188 1775072515.243316
237 187 1775072515.246381
238 187 1775072515.2489014
239 187 1775072515.251221
240 187 1775072515.2534227
241 187 1775072515.2567947
242 187 1775072515.2592788
243 187 1775072515.2613075
244 187 1775072515.2651527
245 187 1775072515.269299
246 187 1775072515.2711267
247 187 1775072515.275445
248 187 1775072515.2812173
249 187 1775072515.2872126
250 187 1775072515.2932434
251 188 1775072515.3033032
252 188 1775072515.3153248
252 189 1775072515.3214407
253 189 1775072515.3320708
253 190 1775072515.3332183
253 191 1775072515.3438115
253 192 1775072515.3484652
254 193 1775072515.354111
254 194 1775072515.3610508
254 195 1775072515.366303
254 196 1775072515.3715491
254 197 1775072515.380009
254 198 1775072515.3855057
254 199 1775072515.3907707
253 199 1775072515.3927288
252 199 1775072515.4027348
251 199 1775072515.41198
251 200 1775072515.4143357
247 201 1775072515.446814
246 201 1775072515.4491267
245 201 1775072515.4552023
244 201 1775072515.4637582
243 201 1775072515.4712353
242 201 1775072515.4863508
241 201 1775072515.4913986
240 200 1775072515.4969175
239 199 1775072515.5022855
238 198 1775072515.5077784
237 197 1775072515.5103464
235 195 1775072515.5157504
235 193 1775072515.5204928
234 192 1775072515.525356
232 191 1775072515.5300405
232 190 1775072515.5350792
230 188 1775072515.5397847
230 187 1775072515.5472052
229 186 1775072515.549153
228 185 1775072515.5554512
228 184 1775072515.561366
227 184 1775072515.5643308
227 183 1775072515.5659778
227 182 1775072515.570125
226 182 1775072515.5733254
226 181 1775072515.5773919
226 180 1775072515.5799797
225 180 1775072515.582652
225 179 1775072515.585351
225 178 1775072515.5913973
224 178 1775072515.5931969
224 177 1775072515.6033478
224 176 1775072515.6134198
224 175 1775072515.6234941
224 174 1775072515.633376
225 173 1775072515.6373403
225 172 1775072515.6398346
226 171 1775072515.6453435
227 170 1775072515.649295
228 169 1775072515.6533902
229 169 1775072515.6573894
229 168 1775072515.6602056
230 168 1775072515.6614776
231 167 1775072515.6637595
232 165 1775072515.666469
233 165 1775072515.6687205
234 165 1775072515.6709464
237 164 1775072515.6732125
237 163 1775072515.6751313
239 163 1775072515.6777675
240 163 1775072515.6799664
241 163 1775072515.681869
242 163 1775072515.6837308
243 163 1775072515.6856954
244 162 1775072515.6876934
245 162 1775072515.6893876
246 162 1775072515.6931539
247 162 1775072515.695108
248 162 1775072515.697064
249 162 1775072515.6990225
250 162 1775072515.7031896
251 162 1775072515.7051198
252 162 1775072515.7071335
253 162 1775072515.7090964
254 162 1775072515.7135634
255 162 1775072515.7152712
256 162 1775072515.7192254
257 162 1775072515.7210872
257 163 1775072515.723053
258 163 1775072515.7251499
259 163 1775072515.7274296
260 163 1775072515.7290957
261 164 1775072515.7332206
262 164 1775072515.7352655
263 164 1775072515.737027
263 165 1775072515.7391064
264 165 1775072515.7412472
265 165 1775072515.7452233
266 166 1775072515.7471042
267 166 1775072515.7532985
268 166 1775072515.755276
268 167 1775072515.7572474
269 167 1775072515.75925
270 167 1775072515.7652304
271 167 1775072515.7692523
272 167 1775072515.7770667
273 167 1775072515.8060353
273 168 1775072515.819378
273 169 1775072515.829942
273 170 1775072515.8502324

STROKE 2
311 162 1775072516.5930552
310 162 1775072516.6860495
309 162 1775072516.6920435
308 162 1775072516.6982062
307 162 1775072516.7017899
305 162 1775072516.7072985
304 162 1775072516.7124062
301 163 1775072516.7181113
300 163 1775072516.7226663
299 164 1775072516.7262433
298 164 1775072516.729448
297 164 1775072516.7434008
297 165 1775072516.7756014
296 165 1775072516.7820573
296 166 1775072516.7875087
295 166 1775072516.7938673
295 167 1775072516.7997117
296 167 1775072516.878134
296 168 1775072516.8820515
297 168 1775072516.8874614
298 168 1775072516.8927982
299 169 1775072516.8981729
300 170 1775072516.9063818
301 170 1775072516.9134219
302 170 1775072516.9199061
302 171 1775072516.92568
303 171 1775072516.931845
304 172 1775072516.9393156
305 172 1775072516.9445596
306 172 1775072516.9520528
307 173 1775072516.9591339
308 174 1775072516.966368
309 174 1775072516.9727893
309 175 1775072516.978813
310 175 1775072516.9850595
310 176 1775072516.995727
311 176 1775072517.0056868
311 177 1775072517.011852
312 178 1775072517.0197268
312 179 1775072517.024425
313 179 1775072517.0268042
313 180 1775072517.0308068
313 181 1775072517.0345557
314 182 1775072517.0387905
314 183 1775072517.0442421
315 183 1775072517.048459
315 184 1775072517.0531182
315 185 1775072517.0678644
315 186 1775072517.0769024
315 187 1775072517.0856225
315 188 1775072517.1038218
314 188 1775072517.106083
314 189 1775072517.1108131
313 189 1775072517.1171587
313 190 1775072517.119681
312 190 1775072517.1236858
311 190 1775072517.1280077
311 191 1775072517.1323636
310 192 1775072517.1364684
309 192 1775072517.1437492
309 193 1775072517.1462307
308 193 1775072517.1530821
307 194 1775072517.1575787
307 195 1775072517.1658478
306 195 1775072517.1706872
305 195 1775072517.176772
304 195 1775072517.1829612
303 195 1775072517.1897912
302 196 1775072517.1955826
301 196 1775072517.20047
300 196 1775072517.2055745
299 196 1775072517.2135506
298 196 1775072517.2196157
297 196 1775072517.2255137
296 196 1775072517.2315207
295 196 1775072517.2374718
294 196 1775072517.2435224
293 196 1775072517.2499537
292 196 1775072517.261562
292 195 1775072517.2666252
291 194 1775072517.2846415
291 193 1775072517.2978082
290 193 1775072517.300112
290 192 1775072517.305176
290 191 1775072517.3110652
289 190 1775072517.3177829
289 189 1775072517.3228183
289 188 1775072517.3307624
289 187 1775072517.3459415
289 186 1775072517.3629975
289 185 1775072517.4110143
290 185 1775072517.4191513
291 185 1775072517.4631681
291 186 1775072517.4707782
292 186 1775072517.474893
295 188 1775072517.490109
297 190 1775072517.4998987
297 191 1775072517.507076
299 194 1775072517.5163279
300 199 1775072517.5256925
300 202 1775072517.531855
302 206 1775072517.5370898
303 208 1775072517.5413218
303 212 1775072517.5450683
303 214 1775072517.547359
304 215 1775072517.5496857
304 217 1775072517.551839
304 218 1775072517.5539937
304 222 1775072517.5570095
304 224 1775072517.5596526
305 225 1775072517.5618327
305 227 1775072517.5641675
305 228 1775072517.5641985
305 232 1775072517.5661788
305 233 1775072517.5683935
306 235 1775072517.5707994
306 236 1775072517.573058
306 238 1775072517.5751917
306 239 1775072517.577866
306 242 1775072517.57997
306 243 1775072517.5823448
307 246 1775072517.5856464
307 249 1775072517.588618
307 252 1775072517.5912101
307 253 1775072517.5932524
307 254 1775072517.595215
307 256 1775072517.5973887
307 257 1775072517.5993302
307 258 1775072517.6013877
307 259 1775072517.6035128
308 260 1775072517.6059585
308 262 1775072517.60867
308 263 1775072517.612363
308 264 1775072517.6146526
309 265 1775072517.6183171
309 266 1775072517.6223419
309 267 1775072517.6263757
310 268 1775072517.6303077
310 269 1775072517.6403778
311 269 1775072517.6483567
311 270 1775072517.6645775
312 270 1775072517.666319
311 270 1775072517.7431588
311 269 1775072517.7474248
311 268 1775072517.7536328
311 267 1775072517.7605076
310 266 1775072517.7671757

STROKE 3
322 246 1775072518.1614046
323 246 1775072518.2372184
324 246 1775072518.2571964
323 246 1775072518.3894677
322 246 1775072518.3972428
321 246 1775072518.4054809
320 246 1775072518.4133239
320 245 1775072518.4211266
319 245 1775072518.4263449
319 244 1775072518.4331582
318 244 1775072518.440538
318 243 1775072518.447806
318 242 1775072518.4543667
317 241 1775072518.4610002
317 240 1775072518.4686823
317 239 1775072518.4821606
317 238 1775072518.4886897
318 238 1775072518.5612466
319 238 1775072518.5676637
320 238 1775072518.5741134
321 238 1775072518.5806663
322 238 1775072518.5873735
323 238 1775072518.5989976
323 239 1775072518.6111917
324 240 1775072518.6190417
324 241 1775072518.6286175
325 241 1775072518.633106
325 242 1775072518.6403008
325 243 1775072518.6502216
325 244 1775072518.6651673
325 245 1775072518.6831522
325 246 1775072518.699168
324 246 1775072518.7547424
323 246 1775072518.762589
322 246 1775072518.7743955
322 245 1775072518.7843435
322 244 1775072518.8271832
322 243 1775072518.8531184
321 243 1775072518.8631992
321 242 1775072518.8681831
321 243 1775072518.923202
321 244 1775072518.9275613
321 245 1775072518.9343183
320 246 1775072518.934385
319 249 1775072518.9438207
318 250 1775072518.9517698

