STROKE 1
114 204 1776486624.534000
114 204 1776486624.739000
113 205 1776486624.755000
111 207 1776486624.772000
108 211 1776486624.789000
105 218 1776486624.805000
102 230 1776486624.822000
102 239 1776486624.838000
102 247 1776486624.855000
104 252 1776486624.872000
107 257 1776486624.888000
111 259 1776486624.905000
116 261 1776486624.921000
121 261 1776486624.938000
129 262 1776486624.955000
134 262 1776486624.971000
139 261 1776486624.988000
145 260 1776486625.005000
150 258 1776486625.021000
157 252 1776486625.038000
160 246 1776486625.055000
163 239 1776486625.071000
163 233 1776486625.088000
162 224 1776486625.105000
161 218 1776486625.121000
159 214 1776486625.138000
158 211 1776486625.154000
157 209 1776486625.171000
156 208 1776486625.187000
155 208 1776486625.204000
154 208 1776486625.221000
154 208 1776486625.229000

STROKE 2
113 263 1776486625.581000
113 262 1776486625.736000
116 259 1776486625.753000
122 253 1776486625.770000
130 248 1776486625.786000
138 246 1776486625.803000
142 246 1776486625.819000
146 247 1776486625.836000
148 249 1776486625.853000
151 251 1776486625.869000
152 253 1776486625.886000
153 254 1776486625.902000
153 255 1776486625.919000

STROKE 3
149 264 1776486626.353000
149 265 1776486626.518000
150 268 1776486626.534000
151 276 1776486626.551000
152 289 1776486626.568000
153 299 1776486626.584000
153 305 1776486626.601000
153 310 1776486626.617000
153 313 1776486626.634000
153 315 1776486626.651000
153 316 1776486626.667000
153 317 1776486626.684000
153 318 1776486626.701000
153 319 1776486626.717000
152 320 1776486626.734000
151 320 1776486626.750000
147 321 1776486626.768000
141 321 1776486626.784000
132 322 1776486626.800000
123 323 1776486626.817000
115 323 1776486626.834000
107 324 1776486626.851000
103 324 1776486626.867000
100 324 1776486626.883000
96 324 1776486626.900000
92 324 1776486626.917000
88 324 1776486626.934000
86 324 1776486626.950000
84 324 1776486626.967000
83 324 1776486626.984000
82 323 1776486627.000000
81 322 1776486627.017000
80 320 1776486627.034000
79 315 1776486627.050000
77 306 1776486627.067000
73 289 1776486627.083000
71 274 1776486627.100000
69 257 1776486627.116000
68 239 1776486627.133000
67 222 1776486627.150000
67 201 1776486627.166000
67 187 1776486627.183000
67 176 1776486627.200000
67 168 1776486627.216000
67 161 1776486627.233000
67 158 1776486627.250000
67 156 1776486627.266000
67 155 1776486627.283000
67 154 1776486627.299000
67 153 1776486627.316000
67 153 1776486627.333000
67 152 1776486627.349000
67 152 1776486627.370000
67 152 1776486627.383000
70 150 1776486627.399000
80 147 1776486627.416000
102 141 1776486627.433000
129 137 1776486627.449000
157 134 1776486627.466000
169 134 1776486627.482000
174 134 1776486627.499000
176 134 1776486627.515000
176 134 1776486627.533000

STROKE 4
160 204 1776486636.364000
160 204 1776486636.544000
159 203 1776486636.560000
156 201 1776486636.577000
152 197 1776486636.593000
148 192 1776486636.610000
145 189 1776486636.627000
143 185 1776486636.643000
143 182 1776486636.660000
143 177 1776486636.677000
147 170 1776486636.693000
152 164 1776486636.710000
161 158 1776486636.726000
167 154 1776486636.743000
170 153 1776486636.760000
173 152 1776486636.776000
175 152 1776486636.793000
178 152 1776486636.810000
182 153 1776486636.826000
186 154 1776486636.843000
191 157 1776486636.860000
194 159 1776486636.876000
197 161 1776486636.893000
198 164 1776486636.909000
200 166 1776486636.926000
201 170 1776486636.943000
202 172 1776486636.959000
202 174 1776486636.976000
202 177 1776486636.993000
202 180 1776486637.009000
200 185 1776486637.026000
199 188 1776486637.042000
196 192 1776486637.059000
194 195 1776486637.076000
190 199 1776486637.092000
187 201 1776486637.109000
184 203 1776486637.126000
182 204 1776486637.142000
178 206 1776486637.159000
176 206 1776486637.175000
174 207 1776486637.192000
173 207 1776486637.209000
172 207 1776486637.225000
170 207 1776486637.242000
167 206 1776486637.259000
164 204 1776486637.275000
160 202 1776486637.292000
156 200 1776486637.309000
155 199 1776486637.320000

STROKE 5
158 197 1776486637.930000
158 196 1776486638.040000
160 194 1776486638.057000
162 190 1776486638.074000
165 188 1776486638.090000
167 186 1776486638.106000
170 185 1776486638.123000
174 184 1776486638.140000
178 184 1776486638.157000
180 184 1776486638.173000
182 184 1776486638.190000
183 185 1776486638.206000
187 186 1776486638.224000
189 188 1776486638.239000
192 190 1776486638.256000
193 191 1776486638.273000
193 191 1776486638.282000

STROKE 6
194 220 1776486641.571000
194 220 1776486641.731000
195 220 1776486641.748000
195 220 1776486641.764000
196 220 1776486641.781000
196 220 1776486641.798000
196 220 1776486641.814000
196 220 1776486641.980000
196 219 1776486641.999000
196 219 1776486642.014000
196 219 1776486642.030000
196 218 1776486642.051000
197 218 1776486642.064000
197 218 1776486642.080000
198 218 1776486642.097000
199 219 1776486642.114000
199 219 1776486642.130000
200 220 1776486642.147000
200 220 1776486642.163000
200 221 1776486642.180000
200 221 1776486642.206000
200 221 1776486642.216000
199 221 1776486642.230000
199 221 1776486642.247000
198 220 1776486642.263000
197 220 1776486642.280000
196 219 1776486642.296000
196 219 1776486642.313000
196 218 1776486642.330000
196 218 1776486642.351000
196 218 1776486642.546000
196 217 1776486642.562000
196 217 1776486642.579000
196 217 1776486642.596000
196 217 1776486642.612000
197 217 1776486642.629000
197 217 1776486642.655000
196 218 1776486642.671000
196 218 1776486642.679000
195 218 1776486642.696000
194 218 1776486642.712000
193 218 1776486642.729000
192 218 1776486642.745000
192 217 1776486642.762000
192 217 1776486642.779000
192 217 1776486642.795000
192 217 1776486642.812000
192 217 1776486642.828000
193 217 1776486642.845000
193 217 1776486642.852000

STROKE 7
186 263 1776486643.530000
186 263 1776486643.643000
187 263 1776486643.660000
188 263 1776486643.676000
190 262 1776486643.693000
191 262 1776486643.710000
192 262 1776486643.726000
193 262 1776486643.743000
193 262 1776486643.760000
194 262 1776486643.776000
193 262 1776486643.859000
193 262 1776486643.876000
193 262 1776486643.893000
193 262 1776486643.910000
193 262 1776486643.992000
193 261 1776486644.009000
192 261 1776486644.125000
192 261 1776486644.142000
192 261 1776486644.159000
191 261 1776486644.175000
191 261 1776486644.192000
191 261 1776486644.208000
191 260 1776486644.258000
192 260 1776486644.275000
192 260 1776486644.292000
193 260 1776486644.308000
193 260 1776486644.325000
193 260 1776486644.391000
192 260 1776486644.408000
192 260 1776486644.425000
191 259 1776486644.442000
190 259 1776486644.458000
190 258 1776486644.474000
190 257 1776486644.491000
190 257 1776486644.508000
191 256 1776486644.524000
191 256 1776486644.541000
191 256 1776486644.558000
191 256 1776486644.574000
191 256 1776486644.624000
191 257 1776486644.641000
191 257 1776486644.657000
190 257 1776486644.674000
190 257 1776486644.691000
190 257 1776486644.707000
190 257 1776486644.774000
190 257 1776486644.790000
191 257 1776486644.807000
191 257 1776486644.824000
192 257 1776486644.840000
191 257 1776486644.890000
191 258 1776486644.907000
190 259 1776486644.923000
190 259 1776486644.940000
189 259 1776486644.957000
189 259 1776486644.974000
189 259 1776486644.990000
188 259 1776486645.206000
188 258 1776486645.223000
187 257 1776486645.239000
187 257 1776486645.256000
188 256 1776486645.273000
188 256 1776486645.289000
188 256 1776486645.306000
189 256 1776486645.322000
189 256 1776486645.339000
189 256 1776486645.356000
189 257 1776486645.406000
190 256 1776486645.506000
190 256 1776486645.522000
191 256 1776486645.539000
191 256 1776486645.553000

